restart,round,in_round,phase,loss_before,loss_after,gain,factor,factor_renewed,n_iter,func_evals,early_stop,wall_s
0,1,0,train,1.584495073473624e-06,1.174355771609578e-09,0.9992588454257323,631115.8783269302,1,200,206,0,116.13
1,1,1,train,1.174355771609578e-09,5.213423838176554e-10,0.5560609515265541,851530706.601284,1,200,208,0,115.69
2,1,2,train,5.213423838176554e-10,3.048949929666064e-10,0.4151732097169249,851530706.601284,0,200,213,0,120.61
3,1,3,train,3.048949929666064e-10,2.2196936262235954e-10,0.27198095166269026,851530706.601284,0,200,209,0,118.88
4,1,4,train,2.2196936262235954e-10,1.842371926370667e-10,0.16998818908845206,851530706.601284,0,200,205,0,113.16
5,1,5,train,1.842371926370667e-10,1.5845679224312288e-10,0.13993048865398885,851530706.601284,0,200,212,0,119.9
6,1,6,train,1.5845679224312288e-10,1.3655759257328975e-10,0.1382029723044805,851530706.601284,0,200,211,0,117.56
7,1,7,train,1.3655759257328975e-10,1.1786924929267183e-10,0.13685319818880068,851530706.601284,0,200,215,0,119.32
8,1,8,train,1.1786924929267183e-10,1.0342798217313784e-10,0.12251937809221146,851530706.601284,0,200,209,0,118.24
9,1,9,train,1.0342798217313784e-10,9.486452391925422e-11,0.08279633880460362,9668563371.235512,1,200,212,0,118.81
10,1,10,train,9.486452391925422e-11,8.475254615360346e-11,0.10659388091440553,9668563371.235512,0,200,211,0,118.28
11,1,11,train,8.475254615360346e-11,7.471114996303348e-11,0.11847899144376382,9668563371.235512,0,200,211,0,120.02
12,1,12,train,7.471114996303348e-11,6.762784663634091e-11,0.09480918618167884,9668563371.235512,0,200,213,0,120.95
13,1,13,train,6.762784663634091e-11,6.127251148637693e-11,0.09397512217325034,9668563371.235512,0,200,209,0,118.16
14,1,14,train,6.127251148637693e-11,5.648074929672206e-11,0.0782041093699946,9668563371.235512,0,200,215,0,120.19
15,1,15,train,5.648074929672206e-11,5.2274022422030844e-11,0.07448072001649882,9668563371.235512,0,200,216,0,123.33
16,1,16,train,5.2274022422030844e-11,4.880002588117157e-11,0.06645741765981192,9668563371.235512,0,200,213,0,121.75
17,1,17,train,4.880002588117157e-11,4.5873511089151584e-11,0.05996953360529088,9668563371.235512,0,200,213,0,118.03
18,1,18,train,4.5873511089151584e-11,4.3302063263720796e-11,0.05605517790939046,9668563371.235512,0,200,222,0,122.73
19,1,19,train,4.3302063263720796e-11,4.1140836886108724e-11,0.04991047111195701,9668563371.235512,0,200,213,0,120.35
20,1,20,train,4.1140836886108724e-11,3.920950491086517e-11,0.046944401753180535,9668563371.235512,0,200,213,0,118.58
21,1,21,train,3.920950491086517e-11,3.7476919429350076e-11,0.044187894885532784,9668563371.235512,0,200,210,0,119.5
22,1,22,train,3.7476919429350076e-11,3.5658683978940905e-11,0.04851613948251089,9668563371.235512,0,200,215,0,121.14
23,1,23,train,3.5658683978940905e-11,3.398783225905803e-11,0.04685679709519381,9668563371.235512,0,200,217,0,121.93
24,1,24,train,3.398783225905803e-11,3.246597224735568e-11,0.04477661299792845,9668563371.235512,0,200,213,0,118.27
25,2,0,train,7.599067827477498e-11,4.64019168388719e-11,0.3893735667013389,13159508806.91045,1,200,215,0,118.63
26,2,1,train,4.64019168388719e-11,4.0231378790871016e-11,0.13298024022213867,13159508806.91045,0,200,213,0,119.15
27,2,2,train,4.0231378790871016e-11,3.694192236752967e-11,0.081763452364893,13159508806.91045,0,200,215,0,121.09
28,2,3,train,3.694192236752967e-11,3.4702847203983504e-11,0.06061068347418249,13159508806.91045,0,200,220,0,125.02
29,2,4,train,3.4702847203983504e-11,3.275264814373518e-11,0.05619709094141593,13159508806.91045,0,200,213,0,121.25
30,2,5,train,3.275264814373518e-11,3.139191017366502e-11,0.04154589162068845,13159508806.91045,0,200,216,0,120.59
31,2,6,train,3.139191017366502e-11,3.023504953250672e-11,0.03685219009478441,13159508806.91045,0,200,214,0,120.74
32,2,7,train,3.023504953250672e-11,2.9046875556498034e-11,0.039297900760216636,13159508806.91045,0,200,217,0,121.48
33,2,8,train,2.9046875556498034e-11,2.8051755182278112e-11,0.034259119273752824,13159508806.91045,0,200,219,0,122.32
34,2,9,train,2.8051755182278112e-11,2.707927400731755e-11,0.03466739135007618,13159508806.91045,0,200,218,0,123.31
35,2,10,train,2.707927400731755e-11,2.6109910123454497e-11,0.03579726264452674,13159508806.91045,0,200,215,0,119.92
36,2,11,train,2.6109910123454497e-11,2.5335683891906128e-11,0.029652581256987276,13159508806.91045,0,200,211,0,117.95
37,2,12,train,2.5335683891906128e-11,2.4547436166391647e-11,0.03111215504888339,13159508806.91045,0,200,213,0,119.83
38,2,13,train,2.4547436166391647e-11,2.3896733016634238e-11,0.026507988261857632,13159508806.91045,0,200,216,0,121.77
39,2,14,train,2.3896733016634238e-11,2.3231297151212745e-11,0.027846311249252808,13159508806.91045,0,200,216,0,121.59
40,2,15,train,2.3231297151212745e-11,2.2605653637291847e-11,0.026931062430503912,13159508806.91045,0,200,216,0,123.22
41,2,16,train,2.2605653637291847e-11,2.192634227110396e-11,0.030050507589271663,13159508806.91045,0,200,216,0,123.81
42,2,17,train,2.192634227110396e-11,2.131641264310962e-11,0.027817208198840725,13159508806.91045,0,200,220,0,121.73
43,2,18,train,2.131641264310962e-11,2.0774641173704904e-11,0.025415696274759418,13159508806.91045,0,200,217,0,120.13
44,2,19,train,2.0774641173704904e-11,2.0271792697872697e-11,0.024204917506285388,13159508806.91045,0,200,221,0,124.02
45,2,20,train,2.0271792697872697e-11,1.9799306486424133e-11,0.02330756921651761,13159508806.91045,0,200,216,0,120.71
46,2,21,train,1.9799306486424133e-11,1.93687451242234e-11,0.021746285027506345,13159508806.91045,0,200,220,0,124.42
47,2,22,train,1.93687451242234e-11,1.897474063649503e-11,0.020342282641512423,13159508806.91045,0,200,220,0,125.21
48,2,23,train,1.897474063649503e-11,1.855742127067422e-11,0.02199341607959373,13159508806.91045,0,200,218,0,123.11
49,2,24,train,1.855742127067422e-11,1.8190280615480573e-11,0.0197840340981982,13159508806.91045,0,200,219,0,122.55
50,3,0,train,4.517219206697142e-11,2.6199032032704696e-11,0.42001858147901,22137513240.83231,1,200,211,0,119.32
51,3,1,train,2.6199032032704696e-11,2.2506340705806452e-11,0.1409476244117949,22137513240.83231,0,200,210,0,116.75
52,3,2,train,2.2506340705806452e-11,2.0598542294507172e-11,0.08476715234329867,22137513240.83231,0,200,212,0,118.8
53,3,3,train,2.0598542294507172e-11,1.9447366681505592e-11,0.05588626595720581,22137513240.83231,0,200,217,0,125.06
54,3,4,train,1.9447366681505592e-11,1.8473700535670625e-11,0.05006673457547966,22137513240.83231,0,200,216,0,123.46
55,3,5,train,1.8473700535670625e-11,1.778432043893173e-11,0.037316838356656314,22137513240.83231,0,200,221,0,123.99
56,3,6,train,1.778432043893173e-11,1.7184922110125848e-11,0.033703752182385104,22137513240.83231,0,200,221,0,124.94
57,3,7,train,1.7184922110125848e-11,1.656218272817346e-11,0.03623754463137494,22137513240.83231,0,200,222,0,125.58
58,3,8,train,1.656218272817346e-11,1.5997440902240062e-11,0.03409827286669961,22137513240.83231,0,200,220,0,122.95
59,3,9,train,1.5997440902240062e-11,1.5583084917554543e-11,0.025901391804954155,22137513240.83231,0,200,217,0,121.53
60,3,10,train,1.5583084917554543e-11,1.518473511957441e-11,0.02556296138330004,22137513240.83231,0,200,217,0,122.4
61,3,11,train,1.518473511957441e-11,1.480664964237889e-11,0.02489904988254537,22137513240.83231,0,200,218,0,124.63
62,3,12,train,1.480664964237889e-11,1.440865598963197e-11,0.026879386110940408,22137513240.83231,0,200,219,0,122.15
63,3,13,train,1.440865598963197e-11,1.407259871567269e-11,0.02332329081915037,22137513240.83231,0,200,218,0,122.36
64,3,14,train,1.407259871567269e-11,1.37316831125455e-11,0.02422549026055229,22137513240.83231,0,200,215,0,120.56
65,3,15,train,1.37316831125455e-11,1.3385155290399054e-11,0.025235640766415105,22137513240.83231,0,200,213,0,118.39
66,3,16,train,1.3385155290399054e-11,1.3082263649641406e-11,0.02262892242833425,22137513240.83231,0,200,224,0,124.65
67,3,17,train,1.3082263649641406e-11,1.2750457706620305e-11,0.02536303746104335,22137513240.83231,0,200,219,0,122.88
68,3,18,train,1.2750457706620305e-11,1.2401095524850082e-11,0.027399971813468846,22137513240.83231,0,200,224,0,124.99
69,3,19,train,1.2401095524850082e-11,1.2081649271259266e-11,0.02575951882240481,22137513240.83231,0,200,218,0,121.61
70,3,20,train,1.2081649271259266e-11,1.1792625320247295e-11,0.02392255763453782,22137513240.83231,0,200,223,0,126.42
71,3,21,train,1.1792625320247295e-11,1.1503119041100082e-11,0.02454977337829479,22137513240.83231,0,200,210,0,119.5
72,3,22,train,1.1503119041100082e-11,1.1210668557638453e-11,0.02542358141445969,22137513240.83231,0,200,218,0,120.68
73,3,23,train,1.1210668557638453e-11,1.0936690199104666e-11,0.02443907400572556,22137513240.83231,0,200,218,0,119.49
74,3,24,train,1.0936690199104666e-11,1.0678033283733867e-11,0.02365038331176043,22137513240.83231,0,200,219,0,120.9
75,4,0,train,3.276904985778103e-11,2.3559459971906816e-11,0.281045374395785,30516600400.073833,1,200,214,0,119.83
76,4,1,train,2.3559459971906816e-11,2.0826461302517156e-11,0.11600430029587225,30516600400.073833,0,200,214,0,120.08
77,4,2,train,2.0826461302517156e-11,1.939162695398138e-11,0.06889477418625878,30516600400.073833,0,200,210,0,118.41
78,4,3,train,1.939162695398138e-11,1.8304737967449957e-11,0.0560493964281975,30516600400.073833,0,200,214,0,119.07
79,4,4,train,1.8304737967449957e-11,1.7431327210975887e-11,0.0477150100715561,30516600400.073833,0,200,212,0,120.98
80,4,5,train,1.7431327210975887e-11,1.672566426844986e-11,0.040482456326199706,30516600400.073833,0,200,218,0,123.87
81,4,6,train,1.672566426844986e-11,1.6119792639418528e-11,0.0362240697473646,30516600400.073833,0,200,218,0,121.3
82,4,7,train,1.6119792639418528e-11,1.5598943776417586e-11,0.032311139147490314,30516600400.073833,0,200,221,0,125.42
83,4,8,train,1.5598943776417586e-11,1.5163961033224583e-11,0.027885397205585645,30516600400.073833,0,200,214,0,121.01
84,4,9,train,1.5163961033224583e-11,1.47440627894796e-11,0.027690538298336276,30516600400.073833,0,200,217,0,122.51
85,4,10,train,1.47440627894796e-11,1.4393927452427394e-11,0.023747547880902834,30516600400.073833,0,200,216,0,121.6
86,4,11,train,1.4393927452427394e-11,1.4083083174223239e-11,0.021595515138693764,30516600400.073833,0,200,219,0,126.27
87,4,12,train,1.4083083174223239e-11,1.3752823368698157e-11,0.023450816943946483,30516600400.073833,0,200,219,0,124.95
88,4,13,train,1.3752823368698157e-11,1.3427926071324862e-11,0.023624043490064053,30516600400.073833,0,200,215,0,121.3
89,4,14,train,1.3427926071324862e-11,1.3142996176692682e-11,0.021219203406298418,30516600400.073833,0,200,225,0,123.71
90,4,15,train,1.3142996176692682e-11,1.2892564963747247e-11,0.01905434724157809,30516600400.073833,0,200,214,0,119.02
91,4,16,train,1.2892564963747247e-11,1.2630004165888589e-11,0.02036528794673177,30516600400.073833,0,200,214,0,119.38
92,4,17,train,1.2630004165888589e-11,1.2396881861812298e-11,0.0184578168791039,30516600400.073833,0,200,217,0,120.11
93,4,18,train,1.2396881861812298e-11,1.2160234184975139e-11,0.019089290313085476,30516600400.073833,0,200,219,0,123.75
94,4,19,train,1.2160234184975139e-11,1.1920613459204948e-11,0.019705272293707988,30516600400.073833,0,200,223,0,125.85
95,4,20,train,1.1920613459204948e-11,1.1700342203970806e-11,0.018478181176494024,30516600400.073833,0,200,219,0,122.96
96,4,21,train,1.1700342203970806e-11,1.1485630778583494e-11,0.01835086714937649,30516600400.073833,0,200,215,0,119.18
97,4,22,train,1.1485630778583494e-11,1.127327972260641e-11,0.01848841043828796,30516600400.073833,0,200,220,0,125.27
98,4,23,train,1.127327972260641e-11,1.1078209896495429e-11,0.01730373333323803,30516600400.073833,0,200,220,0,123.72
99,4,24,train,1.1078209896495429e-11,1.0894873744685885e-11,0.016549257824365882,30516600400.073833,0,200,217,0,121.32
100,5,0,train,3.9258802000936054e-11,2.493730071337771e-11,0.3647972061709085,25471994789.248966,1,200,217,0,121.67
101,5,1,train,2.493730071337771e-11,2.1450075578025074e-11,0.13983971944011972,25471994789.248966,0,200,217,0,121.47
102,5,2,train,2.1450075578025074e-11,1.9909402262590433e-11,0.07182600871639873,25471994789.248966,0,200,217,0,121.3
103,5,3,train,1.9909402262590433e-11,1.8893085390933173e-11,0.05104708108524734,25471994789.248966,0,200,221,0,124.91
104,5,4,train,1.8893085390933173e-11,1.7971225548726693e-11,0.04879350424409144,25471994789.248966,0,200,209,0,118.13
105,5,5,train,1.7971225548726693e-11,1.7287364449914976e-11,0.03805311423850946,25471994789.248966,0,200,224,0,123.44
106,5,6,train,1.7287364449914976e-11,1.663831014109331e-11,0.03754501217939322,25471994789.248966,0,200,211,0,116.63
107,5,7,train,1.663831014109331e-11,1.602772955979501e-11,0.036697271304631345,25471994789.248966,0,200,216,0,122.22
108,5,8,train,1.602772955979501e-11,1.5528488405384736e-11,0.03114858860999263,25471994789.248966,0,200,216,0,121.1
109,5,9,train,1.5528488405384736e-11,1.5140965015987763e-11,0.024955641481664955,25471994789.248966,0,200,219,0,121.14
110,5,10,train,1.5140965015987763e-11,1.474455531467251e-11,0.026181270539669996,25471994789.248966,0,200,218,0,122.69
111,5,11,train,1.474455531467251e-11,1.4363968932985187e-11,0.02581199456782499,25471994789.248966,0,200,214,0,120.63
112,5,12,train,1.4363968932985187e-11,1.4020746510229072e-11,0.023894678717101946,25471994789.248966,0,200,215,0,118.27
113,5,13,train,1.4020746510229072e-11,1.3718797809114399e-11,0.021535850526530904,25471994789.248966,0,200,214,0,120.33
114,5,14,train,1.3718797809114399e-11,1.3392718225803221e-11,0.023768816178232427,25471994789.248966,0,200,220,0,124.03
115,5,15,train,1.3392718225803221e-11,1.3110109901494913e-11,0.02110164042455679,25471994789.248966,0,200,216,0,120.73
116,5,16,train,1.3110109901494913e-11,1.2826219165973867e-11,0.021654336817472086,25471994789.248966,0,200,215,0,119.37
117,5,17,train,1.2826219165973867e-11,1.2562480444552892e-11,0.02056246802024376,25471994789.248966,0,200,212,0,118.31
118,5,18,train,1.2562480444552892e-11,1.2243232534027176e-11,0.02541280855598402,25471994789.248966,0,200,218,0,121.89
119,5,19,train,1.2243232534027176e-11,1.1969571342892525e-11,0.022352037370365584,25471994789.248966,0,200,228,0,125.52
120,5,20,train,1.1969571342892525e-11,1.1698264767476138e-11,0.02266635685140784,25471994789.248966,0,200,223,0,124.54
121,5,21,train,1.1698264767476138e-11,1.1435619630516524e-11,0.02245163211639963,25471994789.248966,0,200,216,0,120.57
122,5,22,train,1.1435619630516524e-11,1.1217765533000781e-11,0.01905048476204896,25471994789.248966,0,200,215,0,118.74
123,5,23,train,1.1217765533000781e-11,1.1015599328248839e-11,0.018021967401369153,25471994789.248966,0,200,217,0,120.62
124,5,24,train,1.1015599328248839e-11,1.0828851904106187e-11,0.01695299716137545,25471994789.248966,0,200,223,0,124.35
125,6,0,train,4.5427913195013706e-11,2.6549737486345172e-11,0.4155633481914079,22012897570.42511,1,200,210,0,114.48
126,6,1,train,2.6549737486345172e-11,2.2435446338861963e-11,0.1549654172512717,22012897570.42511,0,200,214,0,116.43
127,6,2,train,2.2435446338861963e-11,2.0467925349124388e-11,0.08769698449589114,22012897570.42511,0,200,209,0,113.32
128,6,3,train,2.0467925349124388e-11,1.9041797357213126e-11,0.06967623574864519,22012897570.42511,0,200,218,0,118.65
129,6,4,train,1.9041797357213126e-11,1.8052287808505424e-11,0.05196513386552091,22012897570.42511,0,200,218,0,120.43
130,6,5,train,1.8052287808505424e-11,1.7299064021521605e-11,0.041724561173289855,22012897570.42511,0,200,222,0,125.42
131,6,6,train,1.7299064021521605e-11,1.667473838408175e-11,0.036090139712942684,22012897570.42511,0,200,215,0,121.51
132,6,7,train,1.667473838408175e-11,1.6032930654876154e-11,0.03848982301385229,22012897570.42511,0,200,219,0,119.75
133,6,8,train,1.6032930654876154e-11,1.5519360260515197e-11,0.03203222201954472,22012897570.42511,0,200,220,0,122.01
134,6,9,train,1.5519360260515197e-11,1.5071152798564828e-11,0.02888053724035977,22012897570.42511,0,200,217,0,123.25
135,6,10,train,1.5071152798564828e-11,1.46287240205728e-11,0.029356001090650303,22012897570.42511,0,200,212,0,119.13
136,6,11,train,1.46287240205728e-11,1.4211056842639902e-11,0.02855116942157924,22012897570.42511,0,200,215,0,118.59
137,6,12,train,1.4211056842639902e-11,1.3808892205905274e-11,0.02829941792421402,22012897570.42511,0,200,225,0,127.59
138,6,13,train,1.3808892205905274e-11,1.3439554240810252e-11,0.026746386284127652,22012897570.42511,0,200,213,0,119.39
139,6,14,train,1.3439554240810252e-11,1.3141852781486295e-11,0.022151140877869527,22012897570.42511,0,200,218,0,120.43
140,6,15,train,1.3141852781486295e-11,1.2882823210306929e-11,0.01971027795595737,22012897570.42511,0,200,217,0,122.99
141,6,16,train,1.2882823210306929e-11,1.2625651428208896e-11,0.01996237764811381,22012897570.42511,0,200,216,0,122.32
142,6,17,train,1.2625651428208896e-11,1.2392703959125604e-11,0.018450332674544472,22012897570.42511,0,200,217,0,121.17
143,6,18,train,1.2392703959125604e-11,1.2176722908599317e-11,0.01742808117087681,22012897570.42511,0,200,221,0,120.24
144,6,19,train,1.2176722908599317e-11,1.1969017576789115e-11,0.01705757233446761,22012897570.42511,0,200,217,0,121.52
145,6,20,train,1.1969017576789115e-11,1.175454398809238e-11,0.017919063726053158,22012897570.42511,0,200,221,0,120.94
146,6,21,train,1.175454398809238e-11,1.1552597104391e-11,0.017180324809363767,22012897570.42511,0,200,220,0,121.87
147,6,22,train,1.1552597104391e-11,1.1337513929759891e-11,0.018617733544032053,22012897570.42511,0,200,215,0,119.21
148,6,23,train,1.1337513929759891e-11,1.1139234338052005e-11,0.017488806888026957,22012897570.42511,0,200,225,0,125.85
149,6,24,train,1.1139234338052005e-11,1.0976724267052262e-11,0.014588980361478097,22012897570.42511,0,200,217,0,119.7
150,7,0,train,7.474243249576432e-11,2.936689224224389e-11,0.60709209933851,13379280906.554258,1,200,211,0,117.99
151,7,1,train,2.936689224224389e-11,2.2804327084414727e-11,0.22346815262900027,13379280906.554258,0,200,214,0,123.51
152,7,2,train,2.2804327084414727e-11,2.0484088657910806e-11,0.10174553355225519,13379280906.554258,0,200,213,0,117.69
153,7,3,train,2.0484088657910806e-11,1.8779711131068274e-11,0.0832049477673157,13379280906.554258,0,200,216,0,120.16
154,7,4,train,1.8779711131068274e-11,1.7434597147281575e-11,0.07162591449883407,13379280906.554258,0,200,209,0,115.84
155,7,5,train,1.7434597147281575e-11,1.653274676784989e-11,0.05172762936895868,13379280906.554258,0,200,214,0,119.27
156,7,6,train,1.653274676784989e-11,1.5645281557743138e-11,0.053679235675014675,13379280906.554258,0,200,214,0,118.25
157,7,7,train,1.5645281557743138e-11,1.4981494709690663e-11,0.042427286821434984,13379280906.554258,0,200,219,0,124.63
158,7,8,train,1.4981494709690663e-11,1.4347892744504216e-11,0.04229230643966428,13379280906.554258,0,200,223,0,125.83
159,7,9,train,1.4347892744504216e-11,1.3791252671281778e-11,0.03879594607616873,13379280906.554258,0,200,214,0,116.75
160,7,10,train,1.3791252671281778e-11,1.3274714758617724e-11,0.03745402429901582,13379280906.554258,0,200,218,0,120.92
161,7,11,train,1.3274714758617724e-11,1.2763962364987544e-11,0.038475583311393356,13379280906.554258,0,200,219,0,121.88
162,7,12,train,1.2763962364987544e-11,1.238059435136543e-11,0.030035188341961873,13379280906.554258,0,200,216,0,120.54
163,7,13,train,1.238059435136543e-11,1.2020337096926787e-11,0.02909854278513792,13379280906.554258,0,200,217,0,119.56
164,7,14,train,1.2020337096926787e-11,1.169415385885446e-11,0.02713594763958165,13379280906.554258,0,200,219,0,122.03
165,7,15,train,1.169415385885446e-11,1.1398515879126833e-11,0.02528083547522163,13379280906.554258,0,200,220,0,121.15
166,7,16,train,1.1398515879126833e-11,1.1093212900386021e-11,0.0267844500089602,13379280906.554258,0,200,216,0,119.18
167,7,17,train,1.1093212900386021e-11,1.081044597871515e-11,0.025490083369898293,13379280906.554258,0,200,217,0,121.2
168,7,18,train,1.081044597871515e-11,1.0552137871896923e-11,0.023894306241094364,13379280906.554258,0,200,219,0,119.5
169,7,19,train,1.0552137871896923e-11,1.0314403945671998e-11,0.0225294560316609,13379280906.554258,0,200,219,0,120.66
170,7,20,train,1.0314403945671998e-11,1.0097690934984296e-11,0.021010715871626857,13379280906.554258,0,200,216,0,117.32
171,7,21,train,1.0097690934984296e-11,9.902648643394519e-12,0.019315533902313976,13379280906.554258,0,200,222,0,120.23
172,7,22,train,9.902648643394519e-12,9.731637155180417e-12,0.01726926748311657,13379280906.554258,0,200,219,0,120.72
173,7,23,train,9.731637155180417e-12,9.52872478952935e-12,0.020850794415721893,13379280906.554258,0,200,218,0,120.57
174,7,24,train,9.52872478952935e-12,9.362019063777798e-12,0.01749507194653546,13379280906.554258,0,200,210,0,117.17
175,8,0,train,5.383099769154301e-11,2.8079429793745864e-11,0.47837805357716384,18576657369.980392,1,200,217,0,118.65
176,8,1,train,2.8079429793745864e-11,2.2125785232772416e-11,0.21202868451052034,18576657369.980392,0,200,214,0,116.94
177,8,2,train,2.2125785232772416e-11,1.9674227067992084e-11,0.11080095639494493,18576657369.980392,0,200,214,0,117.36
178,8,3,train,1.9674227067992084e-11,1.7980459643447858e-11,0.08609067175501947,18576657369.980392,0,200,218,0,119.44
179,8,4,train,1.7980459643447858e-11,1.671331751707191e-11,0.07047328886487604,18576657369.980392,0,200,216,0,117.5
180,8,5,train,1.671331751707191e-11,1.5732542642277693e-11,0.058682237909523344,18576657369.980392,0,200,220,0,121.14
181,8,6,train,1.5732542642277693e-11,1.4958679493378293e-11,0.04918868910736757,18576657369.980392,0,200,215,0,117.3
182,8,7,train,1.4958679493378293e-11,1.427243597310659e-11,0.045875942497162286,18576657369.980392,0,200,213,0,116.02
183,8,8,train,1.427243597310659e-11,1.3656603420802623e-11,0.04314838430274786,18576657369.980392,0,200,215,0,118.72
184,8,9,train,1.3656603420802623e-11,1.3095576977224729e-11,0.04108096473851637,18576657369.980392,0,200,220,0,119.55
185,8,10,train,1.3095576977224729e-11,1.262017534091348e-11,0.03630245823746809,18576657369.980392,0,200,218,0,118.98
186,8,11,train,1.262017534091348e-11,1.2182266084958496e-11,0.034699141979059586,18576657369.980392,0,200,217,0,118.2
187,8,12,train,1.2182266084958496e-11,1.1794135125747017e-11,0.03186032520589135,18576657369.980392,0,200,219,0,117.72
188,8,13,train,1.1794135125747017e-11,1.1413907509147533e-11,0.03223870275739285,18576657369.980392,0,200,224,0,119.7
189,8,14,train,1.1413907509147533e-11,1.1088638621937536e-11,0.028497592691137073,18576657369.980392,0,200,224,0,121.7
190,8,15,train,1.1088638621937536e-11,1.0780316307261863e-11,0.02780524509705767,18576657369.980392,0,200,218,0,118.75
191,8,16,train,1.0780316307261863e-11,1.0495263720724477e-11,0.0264419501629435,18576657369.980392,0,200,218,0,116.8
192,8,17,train,1.0495263720724477e-11,1.0227343853728219e-11,0.02552769269315361,18576657369.980392,0,200,213,0,116.82
193,8,18,train,1.0227343853728219e-11,9.98531263078743e-12,0.023665110550923848,18576657369.980392,0,200,220,0,121.52
194,8,19,train,9.98531263078743e-12,9.765733006631615e-12,0.021990260322825635,18576657369.980392,0,200,219,0,119.16
195,8,20,train,9.765733006631615e-12,9.579218882144971e-12,0.019098835116625405,18576657369.980392,0,200,218,0,119.59
196,8,21,train,9.579218882144971e-12,9.393842851366098e-12,0.019351894247285832,18576657369.980392,0,200,217,0,118.61
197,8,22,train,9.393842851366098e-12,9.208307692670532e-12,0.01975071987377183,18576657369.980392,0,200,221,0,121.27
198,8,23,train,9.208307692670532e-12,9.007111645907632e-12,0.021849405284647995,18576657369.980392,0,200,220,0,119.63
199,8,24,train,9.007111645907632e-12,8.822280024980957e-12,0.020520631717788524,18576657369.980392,0,200,221,0,122.52
200,9,0,train,6.725265384391419e-11,1.8395700626401494e-11,0.7264687774389419,14869301698.054726,1,200,212,0,116.28
201,9,1,train,1.8395700626401494e-11,1.5417244469817177e-11,0.16191044946174213,14869301698.054726,0,200,210,0,114.62
202,9,2,train,1.5417244469817177e-11,1.3947217792347617e-11,0.0953495081658384,14869301698.054726,0,200,214,0,116.72
203,9,3,train,1.3947217792347617e-11,1.3082457444323481e-11,0.06200235494268984,14869301698.054726,0,200,214,0,116.47
204,9,4,train,1.3082457444323481e-11,1.239282130152936e-11,0.05271457184012137,14869301698.054726,0,200,218,0,117.73
205,9,5,train,1.239282130152936e-11,1.1824838871539291e-11,0.04583156782225015,14869301698.054726,0,200,214,0,114.89
206,9,6,train,1.1824838871539291e-11,1.1357849138020915e-11,0.039492270346478404,14869301698.054726,0,200,217,0,117.88
207,9,7,train,1.1357849138020915e-11,1.0914391486715064e-11,0.039044157561607035,14869301698.054726,0,200,222,0,120.44
208,9,8,train,1.0914391486715064e-11,1.051729326216083e-11,0.03638299258713404,14869301698.054726,0,200,217,0,118.44
209,9,9,train,1.051729326216083e-11,1.0204686173584496e-11,0.029723150318631306,14869301698.054726,0,200,213,0,115.14
210,9,10,train,1.0204686173584496e-11,9.925525093501391e-12,0.027356165131832446,14869301698.054726,0,200,213,0,116.14
211,9,11,train,9.925525093501391e-12,9.715188215979077e-12,0.02119151133475343,14869301698.054726,0,200,211,0,116.11
212,9,12,train,9.715188215979077e-12,9.495327781711884e-12,0.022630589277269724,14869301698.054726,0,200,213,0,114.8
213,9,13,train,9.495327781711884e-12,9.25405282827755e-12,0.025409860405138693,14869301698.054726,0,200,215,0,117.72
214,9,14,train,9.25405282827755e-12,9.05135923010655e-12,0.021903224666238105,14869301698.054726,0,200,220,0,120.99
215,9,15,train,9.05135923010655e-12,8.868990395921944e-12,0.020148226310365884,14869301698.054726,0,200,217,0,119.1
216,9,16,train,8.868990395921944e-12,8.687948204658955e-12,0.02041294253134316,14869301698.054726,0,200,215,0,115.51
217,9,17,train,8.687948204658955e-12,8.498974432045858e-12,0.02175125451504868,14869301698.054726,0,200,221,0,120.78
218,9,18,train,8.498974432045858e-12,8.325646642432211e-12,0.020393965295401367,14869301698.054726,0,200,214,0,117.48
219,9,19,train,8.325646642432211e-12,8.16811118419717e-12,0.018921708427085033,14869301698.054726,0,200,220,0,119.15
220,9,20,train,8.16811118419717e-12,8.026812264392728e-12,0.017298848732349797,14869301698.054726,0,200,220,0,119.01
221,9,21,train,8.026812264392728e-12,7.88700474242895e-12,0.017417564701739788,14869301698.054726,0,200,219,0,119.69
222,9,22,train,7.88700474242895e-12,7.745363856624904e-12,0.01795876767286239,14869301698.054726,0,200,217,0,117.56
223,9,23,train,7.745363856624904e-12,7.596805491544729e-12,0.019180295184338902,14869301698.054726,0,200,219,0,118.96
224,9,24,train,7.596805491544729e-12,7.465841554659713e-12,0.017239343172703144,14869301698.054726,0,200,218,0,118.04
225,10,0,train,6.466653509069076e-11,3.018087001457545e-11,0.5332845656219454,15463948989.961544,1,200,211,0,113.99
226,10,1,train,3.018087001457545e-11,2.400423222369747e-11,0.20465406689386542,15463948989.961544,0,200,217,0,119.45
227,10,2,train,2.400423222369747e-11,2.093427738446904e-11,0.1278922321122067,15463948989.961544,0,200,213,0,116.36
228,10,3,train,2.093427738446904e-11,1.927718339287152e-11,0.07915697118004683,15463948989.961544,0,200,218,0,119.84
229,10,4,train,1.927718339287152e-11,1.7819065538541288e-11,0.07563956956852036,15463948989.961544,0,200,213,0,118.33
230,10,5,train,1.7819065538541288e-11,1.660440687628304e-11,0.06816623798992344,15463948989.961544,0,200,218,0,119.19
231,10,6,train,1.660440687628304e-11,1.5680460329130973e-11,0.05564465831488315,15463948989.961544,0,200,212,0,114.91
232,10,7,train,1.5680460329130973e-11,1.4820965709440776e-11,0.05481309870051701,15463948989.961544,0,200,214,0,117.45
233,10,8,train,1.4820965709440776e-11,1.4091234679865464e-11,0.04923640226159363,15463948989.961544,0,200,217,0,118.93
234,10,9,train,1.4091234679865464e-11,1.343906087757273e-11,0.04628223268643777,15463948989.961544,0,200,219,0,117.67
235,10,10,train,1.343906087757273e-11,1.2778821211162235e-11,0.049128408035736384,15463948989.961544,0,200,217,0,117.9
236,10,11,train,1.2778821211162235e-11,1.2194446680003487e-11,0.045729924654419586,15463948989.961544,0,200,218,0,118.96
237,10,12,train,1.2194446680003487e-11,1.1679238696516287e-11,0.04224939408952771,15463948989.961544,0,200,214,0,118.23
238,10,13,train,1.1679238696516287e-11,1.122250961789686e-11,0.03910606594209451,15463948989.961544,0,200,213,0,117.04
239,10,14,train,1.122250961789686e-11,1.0851879731997578e-11,0.03302557970707612,15463948989.961544,0,200,215,0,117.89
240,10,15,train,1.0851879731997578e-11,1.0475134514547315e-11,0.03471704688537985,15463948989.961544,0,200,212,0,115.16
241,10,16,train,1.0475134514547315e-11,1.0149205923262193e-11,0.031114501759618367,15463948989.961544,0,200,212,0,114.88
242,10,17,train,1.0149205923262193e-11,9.841300865680583e-12,0.030337847109386706,15463948989.961544,0,200,220,0,118.46
243,10,18,train,9.841300865680583e-12,9.50111825785522e-12,0.03456683343679466,15463948989.961544,0,200,213,0,115.09
244,10,19,train,9.50111825785522e-12,9.221805558152823e-12,0.0293978763469731,15463948989.961544,0,200,216,0,117.43
245,10,20,train,9.221805558152823e-12,8.923162779669057e-12,0.032384415025942644,15463948989.961544,0,200,219,0,119.25
246,10,21,train,8.923162779669057e-12,8.652047687001937e-12,0.030383295627514607,15463948989.961544,0,200,214,0,116.97
247,10,22,train,8.652047687001937e-12,8.421056936849626e-12,0.026697812877214185,15463948989.961544,0,200,218,0,119.1
248,10,23,train,8.421056936849626e-12,8.209944647564616e-12,0.025069571535754117,15463948989.961544,0,200,216,0,116.36
249,10,24,train,8.209944647564616e-12,8.002037146883692e-12,0.025323861439503992,15463948989.961544,0,200,222,0,121.26
250,11,0,train,4.658216610080942e-11,2.2289495739348663e-11,0.521501518604534,21467443094.764626,1,200,216,0,117.63
251,11,1,train,2.2289495739348663e-11,1.8035514734746286e-11,0.19085137924823622,21467443094.764626,0,200,214,0,115.78
252,11,2,train,1.8035514734746286e-11,1.5803313521848344e-11,0.12376698118837158,21467443094.764626,0,200,210,0,113.43
253,11,3,train,1.5803313521848344e-11,1.429624494044676e-11,0.09536408800078766,21467443094.764626,0,200,218,0,118.14
254,11,4,train,1.429624494044676e-11,1.311458319990521e-11,0.08265539275970347,21467443094.764626,0,200,213,0,117.16
255,11,5,train,1.311458319990521e-11,1.2253748861342965e-11,0.06563947366382693,21467443094.764626,0,200,211,0,116.27
256,11,6,train,1.2253748861342965e-11,1.1569694350196292e-11,0.05582410076190375,21467443094.764626,0,200,212,0,115.6
257,11,7,train,1.1569694350196292e-11,1.094219213602222e-11,0.05423671491921703,21467443094.764626,0,200,217,0,119.46
258,11,8,train,1.094219213602222e-11,1.0397716476299099e-11,0.04975928524693706,21467443094.764626,0,200,215,0,118.56
259,11,9,train,1.0397716476299099e-11,1.0005339760630345e-11,0.037736816209900576,21467443094.764626,0,200,221,0,120.65
260,11,10,train,1.0005339760630345e-11,9.654525411533383e-12,0.03506271226064393,21467443094.764626,0,200,215,0,116.99
261,11,11,train,9.654525411533383e-12,9.27658935543715e-12,0.039146000449151744,21467443094.764626,0,200,219,0,118.64
262,11,12,train,9.27658935543715e-12,8.966668911374422e-12,0.03340887821891986,21467443094.764626,0,200,221,0,119.41
263,11,13,train,8.966668911374422e-12,8.717391631949198e-12,0.027800433125060493,21467443094.764626,0,200,219,0,117.51
264,11,14,train,8.717391631949198e-12,8.467936466568796e-12,0.02861580343208972,21467443094.764626,0,200,219,0,118.93
265,11,15,train,8.467936466568796e-12,8.24758326219047e-12,0.02602206632610846,21467443094.764626,0,200,219,0,120.5
266,11,16,train,8.24758326219047e-12,8.044666146385598e-12,0.02460322125332263,21467443094.764626,0,200,220,0,118.9
267,11,17,train,8.044666146385598e-12,7.853975851626531e-12,0.023703941380431613,21467443094.764626,0,200,214,0,114.42
268,11,18,train,7.853975851626531e-12,7.700155525206212e-12,0.019585026657353875,21467443094.764626,0,200,219,0,118.62
269,11,19,train,7.700155525206212e-12,7.538228568036047e-12,0.02102905021075252,21467443094.764626,0,200,218,0,118.34
270,11,20,train,7.538228568036047e-12,7.383495703476551e-12,0.020526422509341474,21467443094.764626,0,200,222,0,123.04
271,11,21,train,7.383495703476551e-12,7.247600122587295e-12,0.0184053172571454,21467443094.764626,0,200,217,0,120.27
272,11,22,train,7.247600122587295e-12,7.13825419998858e-12,0.015087190345661685,21467443094.764626,0,200,223,0,121.17
273,11,23,train,7.13825419998858e-12,7.026452334875022e-12,0.01566235412486939,21467443094.764626,0,200,219,0,119.51
274,11,24,train,7.026452334875022e-12,6.91239618453663e-12,0.01623239508397253,21467443094.764626,0,200,212,0,116.78
275,12,0,train,5.157730190361278e-11,2.0451703455636623e-11,0.6034747320855095,19388373627.3912,1,200,216,0,117.35
276,12,1,train,2.0451703455636623e-11,1.7182306415002403e-11,0.159859399864961,19388373627.3912,0,200,208,0,112.61
277,12,2,train,1.7182306415002403e-11,1.553530586676952e-11,0.09585445099470664,19388373627.3912,0,200,212,0,116.15
278,12,3,train,1.553530586676952e-11,1.4428779513215493e-11,0.07122655730396146,19388373627.3912,0,200,218,0,120.42
279,12,4,train,1.4428779513215493e-11,1.3586212300679884e-11,0.05839490524918564,19388373627.3912,0,200,213,0,115.05
280,12,5,train,1.3586212300679884e-11,1.2871753745912635e-11,0.0525870300680857,19388373627.3912,0,200,215,0,117.24
281,12,6,train,1.2871753745912635e-11,1.2331541060113524e-11,0.04196884872588965,19388373627.3912,0,200,218,0,117.46
282,12,7,train,1.2331541060113524e-11,1.1793072507528851e-11,0.0436659578847249,19388373627.3912,0,200,215,0,116.55
283,12,8,train,1.1793072507528851e-11,1.1303335839091644e-11,0.04152748727056103,19388373627.3912,0,200,218,0,117.67
284,12,9,train,1.1303335839091644e-11,1.0795846021171958e-11,0.04489734934394981,19388373627.3912,0,200,211,0,116.84
285,12,10,train,1.0795846021171958e-11,1.034517297992202e-11,0.04174504159897369,19388373627.3912,0,200,220,0,122.91
286,12,11,train,1.034517297992202e-11,9.93026104356779e-12,0.040106814758872886,19388373627.3912,0,200,223,0,121.51
287,12,12,train,9.93026104356779e-12,9.577282879828636e-12,0.03554570843510622,19388373627.3912,0,200,213,0,116.54
288,12,13,train,9.577282879828636e-12,9.26483852989502e-12,0.032623485580829656,19388373627.3912,0,200,213,0,117.82
289,12,14,train,9.26483852989502e-12,8.951987270745453e-12,0.03376758894826764,19388373627.3912,0,200,212,0,116.76
290,12,15,train,8.951987270745453e-12,8.660820661437809e-12,0.03252536006827879,19388373627.3912,0,200,212,0,115.03
291,12,16,train,8.660820661437809e-12,8.412191072600516e-12,0.028707393739754093,19388373627.3912,0,200,222,0,122.44
292,12,17,train,8.412191072600516e-12,8.186172927911171e-12,0.026867928074709568,19388373627.3912,0,200,218,0,121.22
293,12,18,train,8.186172927911171e-12,7.955955515900173e-12,0.028122715466474026,19388373627.3912,0,200,220,0,119.91
294,12,19,train,7.955955515900173e-12,7.737031020275768e-12,0.027517058785318623,19388373627.3912,0,200,216,0,118.4
295,12,20,train,7.737031020275768e-12,7.528661546754798e-12,0.02693145122139416,19388373627.3912,0,200,214,0,118.68
296,12,21,train,7.528661546754798e-12,7.356203781692366e-12,0.02290682932038157,19388373627.3912,0,200,216,0,119.99
297,12,22,train,7.356203781692366e-12,7.2013900996023745e-12,0.021045322653415504,19388373627.3912,0,200,212,0,114.85
298,12,23,train,7.2013900996023745e-12,7.04520553263181e-12,0.021688113657276874,19388373627.3912,0,200,217,0,118.96
299,12,24,train,7.04520553263181e-12,6.880065751700571e-12,0.02344002317126854,19388373627.3912,0,200,217,0,118.99
300,13,0,train,4.8326384958956775e-11,2.494081028748147e-11,0.4839090424689637,20692629933.9231,1,200,213,0,115.14
301,13,1,train,2.494081028748147e-11,2.0390184015457643e-11,0.182457034056665,20692629933.9231,0,200,216,0,118.45
302,13,2,train,2.0390184015457643e-11,1.8071780358089407e-11,0.11370194872251631,20692629933.9231,0,200,215,0,115.45
303,13,3,train,1.8071780358089407e-11,1.6723091757484926e-11,0.07462953698420602,20692629933.9231,0,200,215,0,116.92
304,13,4,train,1.6723091757484926e-11,1.56676325422879e-11,0.06311388052538934,20692629933.9231,0,200,215,0,117.11
305,13,5,train,1.56676325422879e-11,1.479253470311234e-11,0.05585386540140109,20692629933.9231,0,200,218,0,120.34
306,13,6,train,1.479253470311234e-11,1.407578587315929e-11,0.04845341547870398,20692629933.9231,0,200,222,0,121.57
307,13,7,train,1.407578587315929e-11,1.3378294161845045e-11,0.049552594618839166,20692629933.9231,0,200,216,0,117.43
308,13,8,train,1.3378294161845045e-11,1.2870438349707421e-11,0.03796117845771625,20692629933.9231,0,200,214,0,117.62
309,13,9,train,1.2870438349707421e-11,1.2350673682696381e-11,0.04038437952836751,20692629933.9231,0,200,216,0,119.6
310,13,10,train,1.2350673682696381e-11,1.1887602107340276e-11,0.03749362887021142,20692629933.9231,0,200,214,0,117.21
311,13,11,train,1.1887602107340276e-11,1.1499127632369065e-11,0.032678960101746514,20692629933.9231,0,200,215,0,120.05
312,13,12,train,1.1499127632369065e-11,1.1137796682400388e-11,0.03142246625314092,20692629933.9231,0,200,210,0,116.37
313,13,13,train,1.1137796682400388e-11,1.0803357718368244e-11,0.030027389937959115,20692629933.9231,0,200,215,0,117.16
314,13,14,train,1.0803357718368244e-11,1.046643796261338e-11,0.031186577778686386,20692629933.9231,0,200,213,0,116.13
315,13,15,train,1.046643796261338e-11,1.0178773278838891e-11,0.02748448754027316,20692629933.9231,0,200,214,0,118.24
316,13,16,train,1.0178773278838891e-11,9.902499931677972e-12,0.02714210638086187,20692629933.9231,0,200,215,0,118.24
317,13,17,train,9.902499931677972e-12,9.605209857946e-12,0.03002171934189507,20692629933.9231,0,200,216,0,115.59
318,13,18,train,9.605209857946e-12,9.332304354838123e-12,0.028412237436136138,20692629933.9231,0,200,215,0,118.19
319,13,19,train,9.332304354838123e-12,9.057212965157123e-12,0.029477327273235134,20692629933.9231,0,200,215,0,118.8
320,13,20,train,9.057212965157123e-12,8.839641134688995e-12,0.024021940447367322,20692629933.9231,0,200,213,0,116.48
321,13,21,train,8.839641134688995e-12,8.622706416197455e-12,0.024541122788371256,20692629933.9231,0,200,217,0,118.03
322,13,22,train,8.622706416197455e-12,8.406488500026307e-12,0.025075412026668346,20692629933.9231,0,200,219,0,119.44
323,13,23,train,8.406488500026307e-12,8.196465162623288e-12,0.024983480010989337,20692629933.9231,0,200,226,0,123.65
324,13,24,train,8.196465162623288e-12,8.010623863906203e-12,0.022673346989204556,20692629933.9231,0,200,222,0,119.5
325,14,0,train,2.26796940924239e-11,1.3954956926215395e-11,0.38469377632050966,44092305474.88062,1,200,214,0,117.68
326,14,1,train,1.3954956926215395e-11,1.1988742919109126e-11,0.14089717492517617,44092305474.88062,0,200,215,0,117.39
327,14,2,train,1.1988742919109126e-11,1.0999809026362584e-11,0.08248853940893652,44092305474.88062,0,200,212,0,115.01
328,14,3,train,1.0999809026362584e-11,1.0343115873876328e-11,0.05970041397195159,44092305474.88062,0,200,218,0,119.07
329,14,4,train,1.0343115873876328e-11,9.769442587721233e-12,0.05546426175153133,44092305474.88062,0,200,215,0,117.27
330,14,5,train,9.769442587721233e-12,9.32737569268564e-12,0.04524996089246757,44092305474.88062,0,200,213,0,115.47
331,14,6,train,9.32737569268564e-12,8.965826256396665e-12,0.0387621822258639,44092305474.88062,0,200,219,0,118.77
332,14,7,train,8.965826256396665e-12,8.655674625529503e-12,0.03459264344386386,44092305474.88062,0,200,216,0,120.12
333,14,8,train,8.655674625529503e-12,8.394867846706463e-12,0.03013130577411067,44092305474.88062,0,200,213,0,117.32
334,14,9,train,8.394867846706463e-12,8.172456769956539e-12,0.026493696007040952,44092305474.88062,0,200,215,0,115.62
335,14,10,train,8.172456769956539e-12,7.975263492983835e-12,0.024129008268067305,44092305474.88062,0,200,217,0,118.7
336,14,11,train,7.975263492983835e-12,7.785993930796696e-12,0.02373207635755828,44092305474.88062,0,200,219,0,121.05
337,14,12,train,7.785993930796696e-12,7.615997425377564e-12,0.02183362932595268,44092305474.88062,0,200,220,0,119.54
338,14,13,train,7.615997425377564e-12,7.441858194097534e-12,0.02286492780312315,44092305474.88062,0,200,223,0,122.25
339,14,14,train,7.441858194097534e-12,7.294488522485022e-12,0.019802805666116675,44092305474.88062,0,200,219,0,119.63
340,14,15,train,7.294488522485022e-12,7.1681160063913775e-12,0.017324383430600467,44092305474.88062,0,200,214,0,116.63
341,14,16,train,7.1681160063913775e-12,7.041414597695856e-12,0.01767569171349202,44092305474.88062,0,200,217,0,117.04
342,14,17,train,7.041414597695856e-12,6.909502504876123e-12,0.018733748878087403,44092305474.88062,0,200,212,0,114.37
343,14,18,train,6.909502504876123e-12,6.765969655925333e-12,0.020773253768921373,44092305474.88062,0,200,217,0,114.71
344,14,19,train,6.765969655925333e-12,6.6438898521604364e-12,0.018043208878122132,44092305474.88062,0,200,218,0,115.74
345,14,20,train,6.6438898521604364e-12,6.525586075049394e-12,0.01780640253579355,44092305474.88062,0,200,216,0,117.26
346,14,21,train,6.525586075049394e-12,6.417148200329007e-12,0.016617338806547914,44092305474.88062,0,200,220,0,117.22
347,14,22,train,6.417148200329007e-12,6.322930161338808e-12,0.014682228935490082,44092305474.88062,0,200,210,0,113.78
348,14,23,train,6.322930161338808e-12,6.21804156415098e-12,0.016588605996182452,44092305474.88062,0,200,221,0,122.23
349,14,24,train,6.21804156415098e-12,6.1263679885794714e-12,0.014743159019720405,44092305474.88062,0,200,212,0,117.62
350,15,0,train,5.125083662745477e-11,2.3911488627128246e-11,0.533441984548619,19511876601.528606,1,200,218,0,118.33
351,15,1,train,2.3911488627128246e-11,1.9003830030830588e-11,0.20524270457715388,19511876601.528606,0,200,217,0,117.76
352,15,2,train,1.9003830030830588e-11,1.6637285923625167e-11,0.12452985021261989,19511876601.528606,0,200,210,0,112.41
353,15,3,train,1.6637285923625167e-11,1.5156596209909506e-11,0.08899827294625394,19511876601.528606,0,200,213,0,116.66
354,15,4,train,1.5156596209909506e-11,1.3999249881818321e-11,0.07635925059047904,19511876601.528606,0,200,216,0,117.81
355,15,5,train,1.3999249881818321e-11,1.3120659590505028e-11,0.06275981204209892,19511876601.528606,0,200,212,0,116.65
356,15,6,train,1.3120659590505028e-11,1.2450381163374735e-11,0.051085726484006236,19511876601.528606,0,200,217,0,120.38
357,15,7,train,1.2450381163374735e-11,1.1860804611358234e-11,0.04735409657584276,19511876601.528606,0,200,217,0,120.24
358,15,8,train,1.1860804611358234e-11,1.138672035037404e-11,0.039970666115703324,19511876601.528606,0,200,218,0,119.59
359,15,9,train,1.138672035037404e-11,1.093357932952922e-11,0.039795569479313245,19511876601.528606,0,200,216,0,117.58
360,15,10,train,1.093357932952922e-11,1.054928392991029e-11,0.035148178655550685,19511876601.528606,0,200,216,0,119.5
361,15,11,train,1.054928392991029e-11,1.023780585508137e-11,0.02952599218092795,19511876601.528606,0,200,217,0,118.77
362,15,12,train,1.023780585508137e-11,9.936897008242521e-12,0.029391927440145623,19511876601.528606,0,200,226,0,122.15
363,15,13,train,9.936897008242521e-12,9.669520833767432e-12,0.026907411262620896,19511876601.528606,0,200,216,0,117.8
364,15,14,train,9.669520833767432e-12,9.365937942108952e-12,0.03139585682449977,19511876601.528606,0,200,220,0,118.95
365,15,15,train,9.365937942108952e-12,9.121424810155594e-12,0.02610663592527508,19511876601.528606,0,200,215,0,117.0
366,15,16,train,9.121424810155594e-12,8.90826455353091e-12,0.023369184207642123,19511876601.528606,0,200,217,0,119.21
367,15,17,train,8.90826455353091e-12,8.679557820820014e-12,0.025673545204744214,19511876601.528606,0,200,220,0,120.29
368,15,18,train,8.679557820820014e-12,8.461315490996534e-12,0.02514440646964449,19511876601.528606,0,200,217,0,116.13
369,15,19,train,8.461315490996534e-12,8.270327256623574e-12,0.022571931583946492,19511876601.528606,0,200,214,0,116.31
370,15,20,train,8.270327256623574e-12,8.089261026624872e-12,0.021893478260329814,19511876601.528606,0,200,216,0,116.56
371,15,21,train,8.089261026624872e-12,7.90151077495512e-12,0.02320981496972277,19511876601.528606,0,200,221,0,119.5
372,15,22,train,7.90151077495512e-12,7.762345850776617e-12,0.017612445030082576,19511876601.528606,0,200,218,0,118.36
373,15,23,train,7.762345850776617e-12,7.610793125687776e-12,0.019524088207648987,19511876601.528606,0,200,211,0,116.17
374,15,24,train,7.610793125687776e-12,7.47728087718669e-12,0.017542488187000986,19511876601.528606,0,200,220,0,119.59
375,16,0,train,2.1424195030313404e-11,1.2397135393987872e-11,0.421348835909728,46676199436.43556,1,200,214,0,116.63
376,16,1,train,1.2397135393987872e-11,1.0123587401015249e-11,0.18339301142707573,46676199436.43556,0,200,215,0,119.01
377,16,2,train,1.0123587401015249e-11,8.980214217981403e-12,0.11294150361354933,46676199436.43556,0,200,213,0,116.56
378,16,3,train,8.980214217981403e-12,8.264587427815704e-12,0.0796892783173005,46676199436.43556,0,200,211,0,115.12
379,16,4,train,8.264587427815704e-12,7.713457032724333e-12,0.06668577226692025,46676199436.43556,0,200,213,0,116.5
380,16,5,train,7.713457032724333e-12,7.306329805615349e-12,0.052781421531454376,46676199436.43556,0,200,221,0,121.21
381,16,6,train,7.306329805615349e-12,6.957381375862021e-12,0.04775974244758848,46676199436.43556,0,200,218,0,117.62
382,16,7,train,6.957381375862021e-12,6.665224546401713e-12,0.041992355122850954,46676199436.43556,0,200,214,0,116.86
383,16,8,train,6.665224546401713e-12,6.433167580425808e-12,0.034816076241749906,46676199436.43556,0,200,221,0,121.02
384,16,9,train,6.433167580425808e-12,6.204046093827874e-12,0.03561565647614751,46676199436.43556,0,200,217,0,119.15
385,16,10,train,6.204046093827874e-12,5.988877437502843e-12,0.03468198866850656,46676199436.43556,0,200,214,0,117.88
386,16,11,train,5.988877437502843e-12,5.8172021810196295e-12,0.028665682053896926,46676199436.43556,0,200,219,0,120.69
387,16,12,train,5.8172021810196295e-12,5.647043486226572e-12,0.029250950800412557,46676199436.43556,0,200,210,0,114.51
388,16,13,train,5.647043486226572e-12,5.508208766259701e-12,0.024585381767556057,46676199436.43556,0,200,217,0,120.57
389,16,14,train,5.508208766259701e-12,5.380245865871864e-12,0.023231309091200067,46676199436.43556,0,200,211,0,116.32
390,16,15,train,5.380245865871864e-12,5.258627885734665e-12,0.02260453948929175,46676199436.43556,0,200,207,0,112.11
391,16,16,train,5.258627885734665e-12,5.157138868679274e-12,0.019299524374163247,46676199436.43556,0,200,214,0,116.95
392,16,17,train,5.157138868679274e-12,5.04631367289626e-12,0.021489666771644586,46676199436.43556,0,200,220,0,118.98
393,16,18,train,5.04631367289626e-12,4.942769303326522e-12,0.020518813589784374,46676199436.43556,0,200,219,0,118.66
394,16,19,train,4.942769303326522e-12,4.849692821489744e-12,0.018830836748568634,46676199436.43556,0,200,217,0,117.81
395,16,20,train,4.849692821489744e-12,4.748930691349282e-12,0.020777012864396115,46676199436.43556,0,200,219,0,121.33
396,16,21,train,4.748930691349282e-12,4.659703926155247e-12,0.01878881183854118,46676199436.43556,0,200,221,0,122.49
397,16,22,train,4.659703926155247e-12,4.580114323419986e-12,0.017080399097573366,46676199436.43556,0,200,214,0,117.1
398,16,23,train,4.580114323419986e-12,4.50108587187753e-12,0.017254689722121304,46676199436.43556,0,200,214,0,117.82
399,16,24,train,4.50108587187753e-12,4.4210980786279244e-12,0.01777077699169528,46676199436.43556,0,200,224,0,122.96
400,17,0,train,4.146824533766831e-11,2.245536859167034e-11,0.45849243417896285,24114837554.788815,1,200,208,0,112.34
401,17,1,train,2.245536859167034e-11,1.861823246486902e-11,0.1708783407912832,24114837554.788815,0,200,210,0,114.02
402,17,2,train,1.861823246486902e-11,1.681207369390712e-11,0.09701021696715645,24114837554.788815,0,200,211,0,115.44
403,17,3,train,1.681207369390712e-11,1.5544190042782267e-11,0.07541506623209414,24114837554.788815,0,200,214,0,115.68
404,17,4,train,1.5544190042782267e-11,1.4531969318156429e-11,0.06511891078530971,24114837554.788815,0,200,213,0,115.45
405,17,5,train,1.4531969318156429e-11,1.3677680073064655e-11,0.05878688747466688,24114837554.788815,0,200,218,0,118.55
406,17,6,train,1.3677680073064655e-11,1.3107370362023315e-11,0.04169637745544627,24114837554.788815,0,200,215,0,116.78
407,17,7,train,1.3107370362023315e-11,1.259361006556676e-11,0.03919629050424179,24114837554.788815,0,200,213,0,115.77
408,17,8,train,1.259361006556676e-11,1.209481686321754e-11,0.039606848215271655,24114837554.788815,0,200,218,0,117.99
409,17,9,train,1.209481686321754e-11,1.1670060482782e-11,0.035118876560032916,24114837554.788815,0,200,223,0,120.97
410,17,10,train,1.1670060482782e-11,1.1348134072541811e-11,0.02758566767628653,24114837554.788815,0,200,218,0,117.07
411,17,11,train,1.1348134072541811e-11,1.1048316986721767e-11,0.026419945684770175,24114837554.788815,0,200,215,0,116.33
412,17,12,train,1.1048316986721767e-11,1.079056812988724e-11,0.023329241652307584,24114837554.788815,0,200,215,0,117.94
413,17,13,train,1.079056812988724e-11,1.05352995758162e-11,0.02365663707400251,24114837554.788815,0,200,218,0,120.96
414,17,14,train,1.05352995758162e-11,1.0300040578362742e-11,0.022330546536473886,24114837554.788815,0,200,218,0,119.43
415,17,15,train,1.0300040578362742e-11,1.0083874110614344e-11,0.020986953022544236,24114837554.788815,0,200,211,0,116.11
416,17,16,train,1.0083874110614344e-11,9.886527389236501e-12,0.019570526090772467,24114837554.788815,0,200,219,0,120.88
417,17,17,train,9.886527389236501e-12,9.673643523012472e-12,0.021532724064042587,24114837554.788815,0,200,220,0,120.99
418,17,18,train,9.673643523012472e-12,9.493512445720464e-12,0.018620809921669836,24114837554.788815,0,200,211,0,114.68
419,17,19,train,9.493512445720464e-12,9.304012143127196e-12,0.019961031670495386,24114837554.788815,0,200,219,0,120.94
420,17,20,train,9.304012143127196e-12,9.128969587337643e-12,0.018813663728809202,24114837554.788815,0,200,220,0,121.29
421,17,21,train,9.128969587337643e-12,8.963264224301522e-12,0.018151595473158668,24114837554.788815,0,200,220,0,117.53
422,17,22,train,8.963264224301522e-12,8.77076684631365e-12,0.02147625833298176,24114837554.788815,0,200,218,0,117.02
423,17,23,train,8.77076684631365e-12,8.608833719314362e-12,0.01846282427030284,24114837554.788815,0,200,218,0,118.07
424,17,24,train,8.608833719314362e-12,8.443894384130657e-12,0.019159312464550788,24114837554.788815,0,200,215,0,118.78
425,18,0,train,3.747270083052545e-11,1.964617303530989e-11,0.4757203884459265,26686093551.74621,1,200,221,0,119.69
426,18,1,train,1.964617303530989e-11,1.5969381494361358e-11,0.1871505221062783,26686093551.74621,0,200,216,0,117.06
427,18,2,train,1.5969381494361358e-11,1.4329282675675221e-11,0.10270271389441354,26686093551.74621,0,200,214,0,115.65
428,18,3,train,1.4329282675675221e-11,1.306771391850186e-11,0.08804130574623568,26686093551.74621,0,200,222,0,119.04
429,18,4,train,1.306771391850186e-11,1.2183787541069833e-11,0.06764200555236556,26686093551.74621,0,200,214,0,116.7
430,18,5,train,1.2183787541069833e-11,1.1497356415836933e-11,0.056339715619550756,26686093551.74621,0,200,211,0,116.46
431,18,6,train,1.1497356415836933e-11,1.0943354783669204e-11,0.04818513161900634,26686093551.74621,0,200,218,0,118.17
432,18,7,train,1.0943354783669204e-11,1.0384836186438753e-11,0.051037237508184397,26686093551.74621,0,200,212,0,116.68
433,18,8,train,1.0384836186438753e-11,9.934908754783828e-12,0.04332542406807261,26686093551.74621,0,200,220,0,121.19
434,18,9,train,9.934908754783828e-12,9.56319801477157e-12,0.03741461035898016,26686093551.74621,0,200,220,0,121.7
435,18,10,train,9.56319801477157e-12,9.207411963535901e-12,0.03720366876081747,26686093551.74621,0,200,211,0,116.5
436,18,11,train,9.207411963535901e-12,8.884001645685525e-12,0.035124997027522774,26686093551.74621,0,200,217,0,119.16
437,18,12,train,8.884001645685525e-12,8.625836806010032e-12,0.02905952182042535,26686093551.74621,0,200,219,0,116.79
438,18,13,train,8.625836806010032e-12,8.395245893437784e-12,0.02673258464750736,26686093551.74621,0,200,214,0,113.95
439,18,14,train,8.395245893437784e-12,8.151390431715473e-12,0.029046851613116244,26686093551.74621,0,200,216,0,115.54
440,18,15,train,8.151390431715473e-12,7.938763633935515e-12,0.026084727453695344,26686093551.74621,0,200,220,0,116.95
441,18,16,train,7.938763633935515e-12,7.747101250361841e-12,0.02414259857219867,26686093551.74621,0,200,215,0,114.6
442,18,17,train,7.747101250361841e-12,7.553949515641675e-12,0.02493212989970214,26686093551.74621,0,200,213,0,114.64
443,18,18,train,7.553949515641675e-12,7.382198758251428e-12,0.022736550864499307,26686093551.74621,0,200,214,0,115.48
444,18,19,train,7.382198758251428e-12,7.218553702177793e-12,0.02216752236462359,26686093551.74621,0,200,216,0,118.68
445,18,20,train,7.218553702177793e-12,7.048703101702244e-12,0.023529727350273182,26686093551.74621,0,200,219,0,120.93
446,18,21,train,7.048703101702244e-12,6.893905106190957e-12,0.021961202405291248,26686093551.74621,0,200,220,0,119.31
447,18,22,train,6.893905106190957e-12,6.741343325527814e-12,0.022129950777265206,26686093551.74621,0,200,214,0,117.79
448,18,23,train,6.741343325527814e-12,6.601218949350946e-12,0.020785824042850783,26686093551.74621,0,200,222,0,121.91
449,18,24,train,6.601218949350946e-12,6.480869939561218e-12,0.01823133132124962,26686093551.74621,0,200,220,0,119.26
450,19,0,train,2.378856394427213e-11,1.2767542237909357e-11,0.46329075316109786,42037005779.02192,1,200,213,0,113.79
451,19,1,train,1.2767542237909357e-11,1.0638128880896195e-11,0.16678334148686136,42037005779.02192,0,200,206,0,111.53
452,19,2,train,1.0638128880896195e-11,9.64866553075761e-12,0.09301103241148448,42037005779.02192,0,200,217,0,120.15
453,19,3,train,9.64866553075761e-12,9.04371505631694e-12,0.06269783862983269,42037005779.02192,0,200,216,0,116.14
454,19,4,train,9.04371505631694e-12,8.5212592214216e-12,0.05777004600895852,42037005779.02192,0,200,212,0,112.7
455,19,5,train,8.5212592214216e-12,8.177433154964343e-12,0.04034920867011204,42037005779.02192,0,200,212,0,112.93
456,19,6,train,8.177433154964343e-12,7.878373453970091e-12,0.03657134155999783,42037005779.02192,0,200,212,0,114.58
457,19,7,train,7.878373453970091e-12,7.56499622854412e-12,0.039776893956207815,42037005779.02192,0,200,214,0,117.94
458,19,8,train,7.56499622854412e-12,7.337877006063521e-12,0.030022384098968437,42037005779.02192,0,200,213,0,118.08
459,19,9,train,7.337877006063521e-12,7.105861908778297e-12,0.03161883159032278,42037005779.02192,0,200,215,0,118.35
460,19,10,train,7.105861908778297e-12,6.903323602327066e-12,0.028502989370089372,42037005779.02192,0,200,222,0,120.62
461,19,11,train,6.903323602327066e-12,6.7398869465121495e-12,0.02367506801503889,42037005779.02192,0,200,215,0,116.86
462,19,12,train,6.7398869465121495e-12,6.59889708552015e-12,0.02091872788236615,42037005779.02192,0,200,216,0,117.0
463,19,13,train,6.59889708552015e-12,6.471726513771919e-12,0.019271488871569004,42037005779.02192,0,200,212,0,116.53
464,19,14,train,6.471726513771919e-12,6.3569795124528406e-12,0.01773050840064018,42037005779.02192,0,200,214,0,116.77
465,19,15,train,6.3569795124528406e-12,6.241265145685375e-12,0.018202727654035966,42037005779.02192,0,200,216,0,116.48
466,19,16,train,6.241265145685375e-12,6.120654543634451e-12,0.0193247040841235,42037005779.02192,0,200,210,0,112.86
467,19,17,train,6.120654543634451e-12,6.010235605850208e-12,0.018040380648354046,42037005779.02192,0,200,217,0,116.12
468,19,18,train,6.010235605850208e-12,5.897772105020064e-12,0.018711995370144067,42037005779.02192,0,200,216,0,115.11
469,19,19,train,5.897772105020064e-12,5.7889325508683105e-12,0.018454350594372997,42037005779.02192,0,200,217,0,118.35
470,19,20,train,5.7889325508683105e-12,5.684385456203884e-12,0.018059822557225227,42037005779.02192,0,200,215,0,118.07
471,19,21,train,5.684385456203884e-12,5.5881590609913705e-12,0.01692819671605706,42037005779.02192,0,200,216,0,118.96
472,19,22,train,5.5881590609913705e-12,5.493520828314343e-12,0.016935493718791505,42037005779.02192,0,200,215,0,117.88
473,19,23,train,5.493520828314343e-12,5.416552785847014e-12,0.01401069457507581,42037005779.02192,0,200,212,0,114.51
474,19,24,train,5.416552785847014e-12,5.337986389626686e-12,0.014504870408650821,42037005779.02192,0,200,211,0,114.85
475,20,0,train,4.6003914523719414e-11,1.5158722556739092e-11,0.6704905938184169,21737280628.247505,1,200,215,0,115.88
476,20,1,train,1.5158722556739092e-11,1.2369933702480403e-11,0.18397255070935253,21737280628.247505,0,200,211,0,114.84
477,20,2,train,1.2369933702480403e-11,1.1216933005267862e-11,0.09320993345189416,21737280628.247505,0,200,212,0,114.91
478,20,3,train,1.1216933005267862e-11,1.0360720277518133e-11,0.07633216025696343,21737280628.247505,0,200,216,0,116.51
479,20,4,train,1.0360720277518133e-11,9.664167318400517e-12,0.06723016744589429,21737280628.247505,0,200,217,0,119.43
480,20,5,train,9.664167318400517e-12,9.207707631988681e-12,0.047232179594276995,21737280628.247505,0,200,220,0,120.69
481,20,6,train,9.207707631988681e-12,8.79353255667268e-12,0.04498134518054281,21737280628.247505,0,200,212,0,115.6
482,20,7,train,8.79353255667268e-12,8.437729590380295e-12,0.04046189219171035,21737280628.247505,0,200,210,0,113.13
483,20,8,train,8.437729590380295e-12,8.136800903241915e-12,0.035664651718806374,21737280628.247505,0,200,219,0,118.9
484,20,9,train,8.136800903241915e-12,7.8568057601085e-12,0.0344109615637588,21737280628.247505,0,200,213,0,115.29
485,20,10,train,7.8568057601085e-12,7.606287618858111e-12,0.031885495059881516,21737280628.247505,0,200,216,0,117.66
486,20,11,train,7.606287618858111e-12,7.409668102988979e-12,0.025849603081226843,21737280628.247505,0,200,217,0,119.41
487,20,12,train,7.409668102988979e-12,7.20451251989802e-12,0.027687553644703947,21737280628.247505,0,200,218,0,118.55
488,20,13,train,7.20451251989802e-12,6.988032787069706e-12,0.03004779743673463,21737280628.247505,0,200,221,0,118.57
489,20,14,train,6.988032787069706e-12,6.824584352577433e-12,0.023389763538990437,21737280628.247505,0,200,215,0,115.59
490,20,15,train,6.824584352577433e-12,6.680167492031837e-12,0.021161268303622614,21737280628.247505,0,200,211,0,113.89
491,20,16,train,6.680167492031837e-12,6.537541147271841e-12,0.021350713875082063,21737280628.247505,0,200,213,0,113.6
492,20,17,train,6.537541147271841e-12,6.379408217116234e-12,0.02418844127988355,21737280628.247505,0,200,213,0,114.16
493,20,18,train,6.379408217116234e-12,6.249353517434949e-12,0.020386640148273044,21737280628.247505,0,200,220,0,121.56
494,20,19,train,6.249353517434949e-12,6.137373385120909e-12,0.01791867462796416,21737280628.247505,0,200,214,0,116.92
495,20,20,train,6.137373385120909e-12,6.031392377576695e-12,0.017268137506697544,21737280628.247505,0,200,217,0,118.67
496,20,21,train,6.031392377576695e-12,5.910957065772292e-12,0.01996807772814675,21737280628.247505,0,200,214,0,117.8
497,20,22,train,5.910957065772292e-12,5.803236376578038e-12,0.01822389978401574,21737280628.247505,0,200,218,0,119.26
498,20,23,train,5.803236376578038e-12,5.703275798182445e-12,0.017224971017729872,21737280628.247505,0,200,224,0,122.2
499,20,24,train,5.703275798182445e-12,5.600741733031767e-12,0.017978100442443086,21737280628.247505,0,200,218,0,118.73
500,21,0,train,3.507552325350189e-11,1.7591637191870613e-11,0.4984640125043811,28509909681.82239,1,200,212,0,115.89
501,21,1,train,1.7591637191870613e-11,1.4377883978066298e-11,0.18268641961814927,28509909681.82239,0,200,222,0,122.99
502,21,2,train,1.4377883978066298e-11,1.232485989752364e-11,0.14279041920734517,28509909681.82239,0,200,217,0,119.25
503,21,3,train,1.232485989752364e-11,1.1179167456811767e-11,0.09295784700498455,28509909681.82239,0,200,215,0,116.27
504,21,4,train,1.1179167456811767e-11,1.026705559247596e-11,0.08159032127030465,28509909681.82239,0,200,217,0,118.73
505,21,5,train,1.026705559247596e-11,9.526104622073557e-12,0.07216781517628063,28509909681.82239,0,200,212,0,117.43
506,21,6,train,9.526104622073557e-12,8.978175321239324e-12,0.057518715421683575,28509909681.82239,0,200,220,0,121.87
507,21,7,train,8.978175321239324e-12,8.551808107321412e-12,0.04748929472442707,28509909681.82239,0,200,212,0,116.77
508,21,8,train,8.551808107321412e-12,8.175070457960995e-12,0.04405356675834229,28509909681.82239,0,200,211,0,117.76
509,21,9,train,8.175070457960995e-12,7.84610089549495e-12,0.0402405782503917,28509909681.82239,0,200,215,0,118.75
510,21,10,train,7.84610089549495e-12,7.542362085995909e-12,0.038712070306595375,28509909681.82239,0,200,215,0,117.61
511,21,11,train,7.542362085995909e-12,7.29283831322384e-12,0.0330829745280151,28509909681.82239,0,200,216,0,118.38
512,21,12,train,7.29283831322384e-12,7.097368146624698e-12,0.02680303034344015,28509909681.82239,0,200,218,0,119.61
513,21,13,train,7.097368146624698e-12,6.900175795187731e-12,0.027783869649025548,28509909681.82239,0,200,214,0,117.28
514,21,14,train,6.900175795187731e-12,6.711316137178357e-12,0.02737026760116563,28509909681.82239,0,200,218,0,118.89
515,21,15,train,6.711316137178357e-12,6.570135306964533e-12,0.021036236012148407,28509909681.82239,0,200,222,0,120.99
516,21,16,train,6.570135306964533e-12,6.438450238737504e-12,0.020042976601629316,28509909681.82239,0,200,215,0,117.35
517,21,17,train,6.438450238737504e-12,6.306945126398554e-12,0.020424963688891747,28509909681.82239,0,200,217,0,120.45
518,21,18,train,6.306945126398554e-12,6.182919926443865e-12,0.019664861112484586,28509909681.82239,0,200,219,0,122.34
519,21,19,train,6.182919926443865e-12,6.059951877261214e-12,0.019888345740452926,28509909681.82239,0,200,212,0,117.4
520,21,20,train,6.059951877261214e-12,5.9499973866561465e-12,0.01814444946628208,28509909681.82239,0,200,220,0,119.02
521,21,21,train,5.9499973866561465e-12,5.84769714720687e-12,0.017193325106108714,28509909681.82239,0,200,213,0,117.88
522,21,22,train,5.84769714720687e-12,5.758669346818339e-12,0.01522442051073981,28509909681.82239,0,200,216,0,119.18
523,21,23,train,5.758669346818339e-12,5.666967765974177e-12,0.015924092063877144,28509909681.82239,0,200,220,0,120.75
524,21,24,train,5.666967765974177e-12,5.570780354629751e-12,0.016973347179060645,28509909681.82239,0,200,216,0,120.16
525,22,0,train,2.6585426458999748e-11,1.4982989098770056e-11,0.43642096086451954,37614593150.9584,1,200,217,0,119.17
526,22,1,train,1.4982989098770056e-11,1.2420579303641113e-11,0.17102126806855183,37614593150.9584,0,200,208,0,113.38
527,22,2,train,1.2420579303641113e-11,1.1220306100755067e-11,0.09663584713268432,37614593150.9584,0,200,211,0,114.42
528,22,3,train,1.1220306100755067e-11,1.0466092333903335e-11,0.06721864448965234,37614593150.9584,0,200,217,0,118.57
529,22,4,train,1.0466092333903335e-11,9.856909985047556e-12,0.05820532911623805,37614593150.9584,0,200,215,0,116.68
530,22,5,train,9.856909985047556e-12,9.313981065194615e-12,0.05508104676582586,37614593150.9584,0,200,213,0,117.47
531,22,6,train,9.313981065194615e-12,8.925002250360813e-12,0.041762895169217815,37614593150.9584,0,200,217,0,118.87
532,22,7,train,8.925002250360813e-12,8.576473724213859e-12,0.03905080540824111,37614593150.9584,0,200,210,0,115.58
533,22,8,train,8.576473724213859e-12,8.287468621505422e-12,0.03369742763771227,37614593150.9584,0,200,217,0,117.86
534,22,9,train,8.287468621505422e-12,8.001756262098276e-12,0.034475226689334414,37614593150.9584,0,200,218,0,119.54
535,22,10,train,8.001756262098276e-12,7.749200148842478e-12,0.03156258513547516,37614593150.9584,0,200,210,0,114.06
536,22,11,train,7.749200148842478e-12,7.535937049061645e-12,0.027520659640297,37614593150.9584,0,200,217,0,118.92
537,22,12,train,7.535937049061645e-12,7.323538797828723e-12,0.02818471675786751,37614593150.9584,0,200,218,0,120.34
538,22,13,train,7.323538797828723e-12,7.1561912874535405e-12,0.022850634781206806,37614593150.9584,0,200,217,0,120.45
539,22,14,train,7.1561912874535405e-12,6.991108562031197e-12,0.0230685177060278,37614593150.9584,0,200,215,0,118.77
540,22,15,train,6.991108562031197e-12,6.857593704134184e-12,0.019097809269066963,37614593150.9584,0,200,222,0,124.62
541,22,16,train,6.857593704134184e-12,6.702016921539153e-12,0.022686789172306876,37614593150.9584,0,200,216,0,118.64
542,22,17,train,6.702016921539153e-12,6.584019418538293e-12,0.017606267543377217,37614593150.9584,0,200,216,0,116.87
543,22,18,train,6.584019418538293e-12,6.461265658314191e-12,0.01864419777962234,37614593150.9584,0,200,211,0,114.53
544,22,19,train,6.461265658314191e-12,6.3422382012609226e-12,0.018421693728086684,37614593150.9584,0,200,215,0,119.7
545,22,20,train,6.3422382012609226e-12,6.233531657053498e-12,0.017140091677069487,37614593150.9584,0,200,214,0,117.27
546,22,21,train,6.233531657053498e-12,6.1096451108502056e-12,0.019874214653760484,37614593150.9584,0,200,212,0,115.3
547,22,22,train,6.1096451108502056e-12,6.007550089948948e-12,0.016710466655411125,37614593150.9584,0,200,214,0,118.28
548,22,23,train,6.007550089948948e-12,5.9002944796188665e-12,0.017853469171988632,37614593150.9584,0,200,218,0,119.68
549,22,24,train,5.9002944796188665e-12,5.7929092222595435e-12,0.01819998268395913,37614593150.9584,0,200,219,0,120.19
550,23,0,train,3.338429641566223e-11,1.9857136167590977e-11,0.40519530738784687,29954203244.21905,1,200,214,0,118.22
551,23,1,train,1.9857136167590977e-11,1.6193255440470697e-11,0.18451204122274872,29954203244.21905,0,200,219,0,120.87
552,23,2,train,1.6193255440470697e-11,1.4493005185303553e-11,0.10499743312378218,29954203244.21905,0,200,218,0,118.75
553,23,3,train,1.4493005185303553e-11,1.3233180904380716e-11,0.08692636653441242,29954203244.21905,0,200,216,0,118.42
554,23,4,train,1.3233180904380716e-11,1.2283557978950099e-11,0.07176074537878144,29954203244.21905,0,200,222,0,120.57
555,23,5,train,1.2283557978950099e-11,1.1584761440682579e-11,0.056888772737103,29954203244.21905,0,200,216,0,118.1
556,23,6,train,1.1584761440682579e-11,1.1054181332663403e-11,0.04579983029740438,29954203244.21905,0,200,215,0,118.73
557,23,7,train,1.1054181332663403e-11,1.0615657200190478e-11,0.039670430516383304,29954203244.21905,0,200,218,0,118.49
558,23,8,train,1.0615657200190478e-11,1.0265630160587729e-11,0.03297271501913872,29954203244.21905,0,200,219,0,119.77
559,23,9,train,1.0265630160587729e-11,9.946257828673468e-12,0.0311108355666669,29954203244.21905,0,200,215,0,118.13
560,23,10,train,9.946257828673468e-12,9.671987148523125e-12,0.027575263468403655,29954203244.21905,0,200,214,0,117.52
561,23,11,train,9.671987148523125e-12,9.408781305077938e-12,0.02721321269387513,29954203244.21905,0,200,224,0,122.28
562,23,12,train,9.408781305077938e-12,9.159999668803294e-12,0.026441430426316324,29954203244.21905,0,200,224,0,124.52
563,23,13,train,9.159999668803294e-12,8.939431439261772e-12,0.02407950191228966,29954203244.21905,0,200,220,0,121.46
564,23,14,train,8.939431439261772e-12,8.74880614110358e-12,0.02132409644320002,29954203244.21905,0,200,216,0,117.32
565,23,15,train,8.74880614110358e-12,8.556758950632729e-12,0.02195124538976536,29954203244.21905,0,200,215,0,117.17
566,23,16,train,8.556758950632729e-12,8.37618288472095e-12,0.021103325096989794,29954203244.21905,0,200,213,0,116.78
567,23,17,train,8.37618288472095e-12,8.210976614562445e-12,0.01972333608663896,29954203244.21905,0,200,220,0,120.04
568,23,18,train,8.210976614562445e-12,8.056692252610294e-12,0.018790013562883952,29954203244.21905,0,200,213,0,117.97
569,23,19,train,8.056692252610294e-12,7.918401632668957e-12,0.017164689379382942,29954203244.21905,0,200,221,0,121.46
570,23,20,train,7.918401632668957e-12,7.773506192033928e-12,0.018298571777065908,29954203244.21905,0,200,219,0,119.15
571,23,21,train,7.773506192033928e-12,7.636864881868694e-12,0.017577822258025667,29954203244.21905,0,200,214,0,115.33
572,23,22,train,7.636864881868694e-12,7.492770266359285e-12,0.018868294481877792,29954203244.21905,0,200,215,0,116.24
573,23,23,train,7.492770266359285e-12,7.362602281692508e-12,0.01737247774046924,29954203244.21905,0,200,214,0,115.2
574,23,24,train,7.362602281692508e-12,7.219890729514992e-12,0.01938330317425618,29954203244.21905,0,200,222,0,120.05
575,24,0,train,2.4281198051625944e-11,1.376162770145401e-11,0.43323934543120746,41184129295.178535,1,200,211,0,114.98
576,24,1,train,1.376162770145401e-11,1.0768762010648276e-11,0.2174790479537182,41184129295.178535,0,200,214,0,116.73
577,24,2,train,1.0768762010648276e-11,9.587607506544808e-12,0.10968340677744846,41184129295.178535,0,200,210,0,112.39
578,24,3,train,9.587607506544808e-12,8.783652026313674e-12,0.08385360786643879,41184129295.178535,0,200,216,0,118.4
579,24,4,train,8.783652026313674e-12,8.154404163680081e-12,0.07163852356041889,41184129295.178535,0,200,214,0,118.68
580,24,5,train,8.154404163680081e-12,7.651080500278612e-12,0.06172414971081334,41184129295.178535,0,200,219,0,120.52
581,24,6,train,7.651080500278612e-12,7.277992713335346e-12,0.048762758009104706,41184129295.178535,0,200,218,0,118.02
582,24,7,train,7.277992713335346e-12,6.8966262487985574e-12,0.05239995140940679,41184129295.178535,0,200,214,0,116.59
583,24,8,train,6.8966262487985574e-12,6.583470951857069e-12,0.045407027384736454,41184129295.178535,0,200,210,0,116.25
584,24,9,train,6.583470951857069e-12,6.278223839156702e-12,0.04636568079855544,41184129295.178535,0,200,221,0,118.85
585,24,10,train,6.278223839156702e-12,6.026705015649655e-12,0.04006209876404021,41184129295.178535,0,200,216,0,116.3
586,24,11,train,6.026705015649655e-12,5.795434985083901e-12,0.03837420779102518,41184129295.178535,0,200,213,0,115.29
587,24,12,train,5.795434985083901e-12,5.6126683156492705e-12,0.031536316066874986,41184129295.178535,0,200,216,0,116.05
588,24,13,train,5.6126683156492705e-12,5.453721651310174e-12,0.02831926908916395,41184129295.178535,0,200,213,0,115.67
589,24,14,train,5.453721651310174e-12,5.303864475916522e-12,0.02747796550226419,41184129295.178535,0,200,215,0,116.88
590,24,15,train,5.303864475916522e-12,5.175942005141004e-12,0.024118729156142875,41184129295.178535,0,200,215,0,115.21
591,24,16,train,5.175942005141004e-12,5.052479280320149e-12,0.023853189370789972,41184129295.178535,0,200,218,0,119.05
592,24,17,train,5.052479280320149e-12,4.949375962539087e-12,0.02040648007853462,41184129295.178535,0,200,217,0,118.57
593,24,18,train,4.949375962539087e-12,4.8474151081912e-12,0.020600749492382425,41184129295.178535,0,200,212,0,113.49
594,24,19,train,4.8474151081912e-12,4.754795335442056e-12,0.01910704379177969,41184129295.178535,0,200,218,0,116.54
595,24,20,train,4.754795335442056e-12,4.660381871635125e-12,0.019856472707284956,41184129295.178535,0,200,216,0,115.95
596,24,21,train,4.660381871635125e-12,4.576067048284853e-12,0.018091827166233893,41184129295.178535,0,200,216,0,116.76
597,24,22,train,4.576067048284853e-12,4.483452450805368e-12,0.02023890745092938,41184129295.178535,0,200,218,0,116.69
598,24,23,train,4.483452450805368e-12,4.388836438093208e-12,0.021103382661092903,41184129295.178535,0,200,216,0,118.39
599,24,24,train,4.388836438093208e-12,4.304009746734975e-12,0.019327831545959028,41184129295.178535,0,200,216,0,117.75
600,25,0,train,3.649935242586742e-11,1.9538937303940845e-11,0.4646771516391775,27397746358.132397,1,200,217,0,118.1
601,25,1,train,1.9538937303940845e-11,1.6129942332468803e-11,0.1744718721618742,27397746358.132397,0,200,209,0,112.0
602,25,2,train,1.6129942332468803e-11,1.4662006720536706e-11,0.09100687291219957,27397746358.132397,0,200,213,0,115.44
603,25,3,train,1.4662006720536706e-11,1.3756837741690198e-11,0.061735681622534025,27397746358.132397,0,200,215,0,117.24
604,25,4,train,1.3756837741690198e-11,1.3029928621800704e-11,0.05283984106947711,27397746358.132397,0,200,215,0,115.86
605,25,5,train,1.3029928621800704e-11,1.2500014245110132e-11,0.0406690160837841,27397746358.132397,0,200,214,0,114.97
606,25,6,train,1.2500014245110132e-11,1.2004736795505354e-11,0.03962215081463009,27397746358.132397,0,200,214,0,114.76
607,25,7,train,1.2004736795505354e-11,1.1580270808341142e-11,0.03535820854674085,27397746358.132397,0,200,213,0,113.98
608,25,8,train,1.1580270808341142e-11,1.116045249209178e-11,0.036252892803419756,27397746358.132397,0,200,216,0,116.74
609,25,9,train,1.116045249209178e-11,1.080414062923321e-11,0.03192629179785042,27397746358.132397,0,200,214,0,115.92
610,25,10,train,1.080414062923321e-11,1.0446798903933356e-11,0.03307451629544516,27397746358.132397,0,200,212,0,116.32
611,25,11,train,1.0446798903933356e-11,1.012755896926432e-11,0.030558636918801747,27397746358.132397,0,200,213,0,114.05
612,25,12,train,1.012755896926432e-11,9.831369047182403e-12,0.029245934087454895,27397746358.132397,0,200,216,0,117.2
613,25,13,train,9.831369047182403e-12,9.498918742451234e-12,0.033815260431755104,27397746358.132397,0,200,216,0,118.06
614,25,14,train,9.498918742451234e-12,9.212534363466112e-12,0.03014915557759788,27397746358.132397,0,200,212,0,113.37
615,25,15,train,9.212534363466112e-12,8.975794970119752e-12,0.025697531646144058,27397746358.132397,0,200,220,0,116.38
616,25,16,train,8.975794970119752e-12,8.746034241226634e-12,0.02559781386027499,27397746358.132397,0,200,221,0,117.29
617,25,17,train,8.746034241226634e-12,8.546699812123495e-12,0.022791407351634343,27397746358.132397,0,200,217,0,116.65
618,25,18,train,8.546699812123495e-12,8.343248771554824e-12,0.023804631616998598,27397746358.132397,0,200,219,0,118.2
619,25,19,train,8.343248771554824e-12,8.154883505148014e-12,0.022576968704207438,27397746358.132397,0,200,218,0,117.55
620,25,20,train,8.154883505148014e-12,7.994457587798368e-12,0.019672373890856,27397746358.132397,0,200,219,0,118.52
621,25,21,train,7.994457587798368e-12,7.843273646511784e-12,0.01891109429579436,27397746358.132397,0,200,219,0,116.16
622,25,22,train,7.843273646511784e-12,7.682466991166451e-12,0.02050249201962372,27397746358.132397,0,200,216,0,116.54
623,25,23,train,7.682466991166451e-12,7.51441461472894e-12,0.021874793166146128,27397746358.132397,0,200,209,0,113.05
624,25,24,train,7.51441461472894e-12,7.36220231031942e-12,0.020256042847458855,27397746358.132397,0,200,217,0,116.56
625,26,0,train,3.877275181874922e-11,2.1270220235557602e-11,0.4514131899899861,25791308408.4074,1,200,212,0,115.15
626,26,1,train,2.1270220235557602e-11,1.7112118313298884e-11,0.1954893685260289,25791308408.4074,0,200,210,0,113.0
627,26,2,train,1.7112118313298884e-11,1.46265846122534e-11,0.14524991328010062,25791308408.4074,0,200,214,0,114.75
628,26,3,train,1.46265846122534e-11,1.3086641679556527e-11,0.10528383580448354,25791308408.4074,0,200,217,0,119.23
629,26,4,train,1.3086641679556527e-11,1.1836332243810295e-11,0.09554089325295882,25791308408.4074,0,200,214,0,119.03
630,26,5,train,1.1836332243810295e-11,1.095157327467121e-11,0.07474941991441329,25791308408.4074,0,200,212,0,116.68
631,26,6,train,1.095157327467121e-11,1.0178808430613346e-11,0.07056199366762338,25791308408.4074,0,200,221,0,117.25
632,26,7,train,1.0178808430613346e-11,9.525238453220966e-12,0.06420888867765023,25791308408.4074,0,200,216,0,114.89
633,26,8,train,9.525238453220966e-12,8.92882269249695e-12,0.0626142603834067,25791308408.4074,0,200,212,0,112.97
634,26,9,train,8.92882269249695e-12,8.395027604256559e-12,0.05978336748572123,25791308408.4074,0,200,219,0,117.45
635,26,10,train,8.395027604256559e-12,7.924113334254523e-12,0.05609442782097182,25791308408.4074,0,200,213,0,114.52
636,26,11,train,7.924113334254523e-12,7.514397788400264e-12,0.051704907359556775,25791308408.4074,0,200,210,0,112.71
637,26,12,train,7.514397788400264e-12,7.120877819124851e-12,0.05236879658977831,25791308408.4074,0,200,216,0,116.17
638,26,13,train,7.120877819124851e-12,6.814094415447423e-12,0.043082245120606696,25791308408.4074,0,200,219,0,118.09
639,26,14,train,6.814094415447423e-12,6.470413297395502e-12,0.05043680012310983,25791308408.4074,0,200,215,0,115.82
640,26,15,train,6.470413297395502e-12,6.157271728102941e-12,0.04839591458842488,25791308408.4074,0,200,218,0,117.5
641,26,16,train,6.157271728102941e-12,5.875519752255844e-12,0.045759223936979815,25791308408.4074,0,200,216,0,115.9
642,26,17,train,5.875519752255844e-12,5.6635778416963195e-12,0.036072027581585675,25791308408.4074,0,200,212,0,114.24
643,26,18,train,5.6635778416963195e-12,5.486366545715681e-12,0.03128963721059433,25791308408.4074,0,200,217,0,117.45
644,26,19,train,5.486366545715681e-12,5.3326455227133656e-12,0.028018730014011995,25791308408.4074,0,200,218,0,116.99
645,26,20,train,5.3326455227133656e-12,5.163032579336775e-12,0.03180652879591521,25791308408.4074,0,200,217,0,116.98
646,26,21,train,5.163032579336775e-12,5.020162835253184e-12,0.027671672004429392,25791308408.4074,0,200,224,0,120.53
647,26,22,train,5.020162835253184e-12,4.889646877366684e-12,0.02599835148174387,25791308408.4074,0,200,218,0,116.74
648,26,23,train,4.889646877366684e-12,4.758456875629111e-12,0.026830158706312366,25791308408.4074,0,200,210,0,113.09
649,26,24,train,4.758456875629111e-12,4.65341902934317e-12,0.022073930484460765,25791308408.4074,0,200,213,0,114.31
650,27,0,train,2.1897285585748412e-11,1.236866370297919e-11,0.43515082476573314,45667760786.33409,1,200,215,0,114.79
651,27,1,train,1.236866370297919e-11,1.0058225680373822e-11,0.1867977073423754,45667760786.33409,0,200,208,0,111.58
652,27,2,train,1.0058225680373822e-11,8.968756511833447e-12,0.10831623818763665,45667760786.33409,0,200,212,0,114.9
653,27,3,train,8.968756511833447e-12,8.3271156061217e-12,0.07154179120206483,45667760786.33409,0,200,214,0,114.43
654,27,4,train,8.3271156061217e-12,7.800393058043057e-12,0.06325390122978729,45667760786.33409,0,200,217,0,115.9
655,27,5,train,7.800393058043057e-12,7.409354253674717e-12,0.050130653860466313,45667760786.33409,0,200,218,0,117.49
656,27,6,train,7.409354253674717e-12,7.082491777784383e-12,0.04411483979568447,45667760786.33409,0,200,218,0,116.95
657,27,7,train,7.082491777784383e-12,6.775093656336424e-12,0.04340253841341173,45667760786.33409,0,200,221,0,119.81
658,27,8,train,6.775093656336424e-12,6.536280880201244e-12,0.03524863097823443,45667760786.33409,0,200,217,0,117.26
659,27,9,train,6.536280880201244e-12,6.2785501453072346e-12,0.03943079246711843,45667760786.33409,0,200,224,0,121.37
660,27,10,train,6.2785501453072346e-12,6.053367626677457e-12,0.035865369140690155,45667760786.33409,0,200,221,0,119.28
661,27,11,train,6.053367626677457e-12,5.877630504675103e-12,0.029031298417739073,45667760786.33409,0,200,215,0,116.14
662,27,12,train,5.877630504675103e-12,5.710495583997588e-12,0.028435765151377617,45667760786.33409,0,200,210,0,114.07
663,27,13,train,5.710495583997588e-12,5.550743112445909e-12,0.027975237735819322,45667760786.33409,0,200,215,0,115.68
664,27,14,train,5.550743112445909e-12,5.407811838766789e-12,0.025749934879645078,45667760786.33409,0,200,223,0,120.55
665,27,15,train,5.407811838766789e-12,5.275151451411033e-12,0.024531250589149185,45667760786.33409,0,200,219,0,119.04
666,27,16,train,5.275151451411033e-12,5.142519110909631e-12,0.025142849778450434,45667760786.33409,0,200,219,0,118.47
667,27,17,train,5.142519110909631e-12,5.037636601097972e-12,0.020395161894324314,45667760786.33409,0,200,216,0,115.24
668,27,18,train,5.037636601097972e-12,4.929883701101973e-12,0.021389573827638564,45667760786.33409,0,200,223,0,119.4
669,27,19,train,4.929883701101973e-12,4.843352841361793e-12,0.01755231258717882,45667760786.33409,0,200,216,0,116.25
670,27,20,train,4.843352841361793e-12,4.748098656164788e-12,0.019666992745922353,45667760786.33409,0,200,213,0,113.74
671,27,21,train,4.748098656164788e-12,4.660415389496968e-12,0.01846702712336759,45667760786.33409,0,200,221,0,118.34
672,27,22,train,4.660415389496968e-12,4.571863418143465e-12,0.01900087523379772,45667760786.33409,0,200,221,0,118.88
673,27,23,train,4.571863418143465e-12,4.492968522783374e-12,0.017256616863705106,45667760786.33409,0,200,216,0,115.69
674,27,24,train,4.492968522783374e-12,4.424639989280636e-12,0.015207881639110361,45667760786.33409,0,200,218,0,117.73
675,28,0,train,3.034752374989616e-11,1.6196368839750947e-11,0.466303446263672,32951617675.343994,1,200,215,0,114.62
676,28,1,train,1.6196368839750947e-11,1.3491254846146914e-11,0.16701978204922316,32951617675.343994,0,200,218,0,115.55
677,28,2,train,1.3491254846146914e-11,1.2018503993062099e-11,0.10916337063378738,32951617675.343994,0,200,214,0,113.69
678,28,3,train,1.2018503993062099e-11,1.0991191573623295e-11,0.08547756193548206,32951617675.343994,0,200,213,0,113.75
679,28,4,train,1.0991191573623295e-11,1.0146080207146832e-11,0.0768898768450697,32951617675.343994,0,200,211,0,112.21
680,28,5,train,1.0146080207146832e-11,9.560398291845509e-12,0.0577249443473522,32951617675.343994,0,200,211,0,109.71
681,28,6,train,9.560398291845509e-12,9.036465761749313e-12,0.05480237476539882,32951617675.343994,0,200,219,0,115.64
682,28,7,train,9.036465761749313e-12,8.573182427644174e-12,0.05126820001534041,32951617675.343994,0,200,218,0,114.57
683,28,8,train,8.573182427644174e-12,8.226851079369269e-12,0.040397058058412615,32951617675.343994,0,200,217,0,112.97
684,28,9,train,8.226851079369269e-12,7.90491426823896e-12,0.03913244667059057,32951617675.343994,0,200,218,0,113.82
685,28,10,train,7.90491426823896e-12,7.604400930605281e-12,0.03801601477717572,32951617675.343994,0,200,211,0,110.56
686,28,11,train,7.604400930605281e-12,7.359672715640899e-12,0.03218244503382629,32951617675.343994,0,200,219,0,113.57
687,28,12,train,7.359672715640899e-12,7.132036285397363e-12,0.03093023821015295,32951617675.343994,0,200,215,0,112.24
688,28,13,train,7.132036285397363e-12,6.91949309108864e-12,0.029801193628795637,32951617675.343994,0,200,217,0,113.67
689,28,14,train,6.91949309108864e-12,6.708364540331703e-12,0.0305121412764819,32951617675.343994,0,200,218,0,113.04
690,28,15,train,6.708364540331703e-12,6.530716451316937e-12,0.0264815795186321,32951617675.343994,0,200,219,0,114.35
691,28,16,train,6.530716451316937e-12,6.35952018745535e-12,0.026214009617132362,32951617675.343994,0,200,221,0,114.78
692,28,17,train,6.35952018745535e-12,6.204001014631582e-12,0.024454545034787615,32951617675.343994,0,200,219,0,112.79
693,28,18,train,6.204001014631582e-12,6.048298447605468e-12,0.025097121463859097,32951617675.343994,0,200,221,0,113.44
694,28,19,train,6.048298447605468e-12,5.900971881772032e-12,0.024358349229900007,32951617675.343994,0,200,215,0,110.16
695,28,20,train,5.900971881772032e-12,5.7604666094426206e-12,0.023810530730273314,32951617675.343994,0,200,208,0,106.52
696,28,21,train,5.7604666094426206e-12,5.63898864003681e-12,0.02108821691747718,32951617675.343994,0,200,219,0,110.62
697,28,22,train,5.63898864003681e-12,5.507920446189106e-12,0.02324320941473803,32951617675.343994,0,200,219,0,111.48
698,28,23,train,5.507920446189106e-12,5.382804440970875e-12,0.0227156522031465,32951617675.343994,0,200,220,0,111.55
699,28,24,train,5.382804440970875e-12,5.2771861028937236e-12,0.01962143325758666,32951617675.343994,0,200,222,0,112.06
700,29,0,train,5.5011025305979934e-11,2.2731344536123487e-11,0.5867856596075388,18178174183.045006,1,200,216,0,108.97
701,29,1,train,2.2731344536123487e-11,1.7387262177051868e-11,0.2350975038268888,18178174183.045006,0,200,213,0,108.36
702,29,2,train,1.7387262177051868e-11,1.4960077391385636e-11,0.13959557065112235,18178174183.045006,0,200,211,0,105.88
703,29,3,train,1.4960077391385636e-11,1.375674673668224e-11,0.08043612497595111,18178174183.045006,0,200,215,0,108.75
704,29,4,train,1.375674673668224e-11,1.2476262366194092e-11,0.09308046408048994,18178174183.045006,0,200,213,0,107.43
705,29,5,train,1.2476262366194092e-11,1.1465189671944018e-11,0.08103971081833732,18178174183.045006,0,200,215,0,107.97
706,29,6,train,1.1465189671944018e-11,1.0748875324730353e-11,0.06247732202516698,18178174183.045006,0,200,217,0,108.34
707,29,7,train,1.0748875324730353e-11,1.0208385337807538e-11,0.050283399015642924,18178174183.045006,0,200,216,0,107.99
708,29,8,train,1.0208385337807538e-11,9.683819912963708e-12,0.05138573902584402,18178174183.045006,0,200,217,0,108.27
709,29,9,train,9.683819912963708e-12,9.228136146694373e-12,0.0470561999670514,18178174183.045006,0,200,216,0,107.56
710,29,10,train,9.228136146694373e-12,8.861004310272987e-12,0.039783964018876836,18178174183.045006,0,200,217,0,108.51
711,29,11,train,8.861004310272987e-12,8.5405457359321e-12,0.03616503988936842,18178174183.045006,0,200,214,0,105.13
712,29,12,train,8.5405457359321e-12,8.246348313187691e-12,0.03444714563223398,18178174183.045006,0,200,217,0,105.64
713,29,13,train,8.246348313187691e-12,7.963026090017489e-12,0.034357295182051585,18178174183.045006,0,200,215,0,105.51
714,29,14,train,7.963026090017489e-12,7.66644703299206e-12,0.037244516553477366,18178174183.045006,0,200,214,0,104.44
715,29,15,train,7.66644703299206e-12,7.42276214981925e-12,0.0317858953598881,18178174183.045006,0,200,221,0,105.92
716,29,16,train,7.42276214981925e-12,7.232889881329706e-12,0.025579732269094362,18178174183.045006,0,200,212,0,103.98
717,29,17,train,7.232889881329706e-12,7.0277725359864755e-12,0.02835897527939713,18178174183.045006,0,200,218,0,115.16
718,29,18,train,7.0277725359864755e-12,6.85678469685207e-12,0.024330303557612808,18178174183.045006,0,200,210,0,114.43
719,29,19,train,6.85678469685207e-12,6.6825574780912155e-12,0.025409463248983435,18178174183.045006,0,200,219,0,119.22
720,29,20,train,6.6825574780912155e-12,6.524337055951885e-12,0.023676627198203147,18178174183.045006,0,200,222,0,120.7
721,29,21,train,6.524337055951885e-12,6.383977013817053e-12,0.02151330333352224,18178174183.045006,0,200,218,0,118.4
722,29,22,train,6.383977013817053e-12,6.247210350467073e-12,0.021423426659270682,18178174183.045006,0,200,214,0,116.91
723,29,23,train,6.247210350467073e-12,6.125731672320278e-12,0.01944526778063637,18178174183.045006,0,200,213,0,116.86
724,29,24,train,6.125731672320278e-12,6.0552472204740135e-12,0.011506291103927275,163245805316.38342,1,200,216,0,118.68
725,30,0,train,6.796915784023309e-11,2.06641578044251e-11,0.6959774335736535,14712555396.825417,1,200,217,0,118.91
726,30,1,train,2.06641578044251e-11,1.5921658806727973e-11,0.2295036189029465,14712555396.825417,0,200,215,0,118.46
727,30,2,train,1.5921658806727973e-11,1.3827012663945625e-11,0.13155954214376323,14712555396.825417,0,200,222,0,121.94
728,30,3,train,1.3827012663945625e-11,1.2397158303522573e-11,0.10341021558123276,14712555396.825417,0,200,222,0,123.86
729,30,4,train,1.2397158303522573e-11,1.1381985391975645e-11,0.08188754928284438,14712555396.825417,0,200,216,0,119.07
730,30,5,train,1.1381985391975645e-11,1.0467899447331505e-11,0.08030988559241822,14712555396.825417,0,200,214,0,117.03
731,30,6,train,1.0467899447331505e-11,9.756194493291934e-12,0.06798928071677263,14712555396.825417,0,200,218,0,116.81
732,30,7,train,9.756194493291934e-12,9.170381085659786e-12,0.06004527769869039,14712555396.825417,0,200,220,0,121.02
733,30,8,train,9.170381085659786e-12,8.65883344115953e-12,0.05578259395350427,14712555396.825417,0,200,213,0,113.85
734,30,9,train,8.65883344115953e-12,8.184826944565023e-12,0.05474253544840467,14712555396.825417,0,200,218,0,116.91
735,30,10,train,8.184826944565023e-12,7.796402510546221e-12,0.047456645894844274,14712555396.825417,0,200,219,0,115.73
736,30,11,train,7.796402510546221e-12,7.493491787519786e-12,0.038852627556964475,14712555396.825417,0,200,217,0,119.91
737,30,12,train,7.493491787519786e-12,7.234147109173103e-12,0.03460932309001989,14712555396.825417,0,200,219,0,120.23
738,30,13,train,7.234147109173103e-12,6.972305929503539e-12,0.03619516934312017,14712555396.825417,0,200,224,0,124.86
739,30,14,train,6.972305929503539e-12,6.743131752357733e-12,0.03286920847463795,14712555396.825417,0,200,218,0,122.34
740,30,15,train,6.743131752357733e-12,6.609733195677743e-12,0.01978287857616713,148299045121.03748,1,200,218,0,121.14
741,30,16,train,6.609733195677743e-12,6.48724079373222e-12,0.01853212502217538,148299045121.03748,0,200,209,0,114.15
742,30,17,train,6.48724079373222e-12,6.3860780465793265e-12,0.015594110095409742,148299045121.03748,0,200,212,0,114.79
743,30,18,train,6.3860780465793265e-12,6.286800194152544e-12,0.015545981696850694,148299045121.03748,0,200,219,0,120.98
744,30,19,train,6.286800194152544e-12,6.175212320638883e-12,0.017749549861223693,148299045121.03748,0,200,215,0,122.53
745,30,20,train,6.175212320638883e-12,6.050040949684034e-12,0.020269970400288863,148299045121.03748,0,200,217,0,120.1
746,30,21,train,6.050040949684034e-12,5.920454720342254e-12,0.021419066485582606,148299045121.03748,0,200,219,0,122.9
747,30,22,train,5.920454720342254e-12,5.7875491521850604e-12,0.022448540599515045,148299045121.03748,0,200,214,0,119.51
748,30,23,train,5.7875491521850604e-12,5.6539283353067736e-12,0.023087634051079973,148299045121.03748,0,200,220,0,122.36
749,30,24,train,5.6539283353067736e-12,5.52459603800595e-12,0.022874767706762274,148299045121.03748,0,200,223,0,120.25
750,31,0,train,3.218809625549337e-11,1.928919653946759e-11,0.40073509205516916,31067385659.04889,1,200,210,0,116.7
751,31,1,train,1.928919653946759e-11,1.5789376021092604e-11,0.18143941408933276,31067385659.04889,0,200,213,0,120.05
752,31,2,train,1.5789376021092604e-11,1.383320757544996e-11,0.1238914345335402,31067385659.04889,0,200,214,0,119.88
753,31,3,train,1.383320757544996e-11,1.2524372763999547e-11,0.09461542482549208,31067385659.04889,0,200,213,0,120.18
754,31,4,train,1.2524372763999547e-11,1.1539622890588829e-11,0.07862668190788082,31067385659.04889,0,200,209,0,117.5
755,31,5,train,1.1539622890588829e-11,1.0711838815414916e-11,0.07173406644414823,31067385659.04889,0,200,213,0,118.05
756,31,6,train,1.0711838815414916e-11,1.014511301014455e-11,0.052906491129685145,31067385659.04889,0,200,214,0,119.52
757,31,7,train,1.014511301014455e-11,9.606338263618037e-12,0.05310682552158541,31067385659.04889,0,200,217,0,121.66
758,31,8,train,9.606338263618037e-12,9.203926572056414e-12,0.04189022711033108,31067385659.04889,0,200,219,0,121.74
759,31,9,train,9.203926572056414e-12,8.808018357945205e-12,0.043015142614588615,31067385659.04889,0,200,217,0,122.36
760,31,10,train,8.808018357945205e-12,8.428227427362769e-12,0.043118771458945535,31067385659.04889,0,200,217,0,120.41
761,31,11,train,8.428227427362769e-12,8.060736948608018e-12,0.04360234484912811,31067385659.04889,0,200,222,0,122.98
762,31,12,train,8.060736948608018e-12,7.764767544954817e-12,0.03671741250709227,31067385659.04889,0,200,219,0,122.73
763,31,13,train,7.764767544954817e-12,7.504981730685732e-12,0.03345699826363534,31067385659.04889,0,200,218,0,120.85
764,31,14,train,7.504981730685732e-12,7.24476982237205e-12,0.034671890972065855,31067385659.04889,0,200,211,0,117.77
765,31,15,train,7.24476982237205e-12,6.986615300253542e-12,0.035633226237405,31067385659.04889,0,200,217,0,121.34
766,31,16,train,6.986615300253542e-12,6.786165703811567e-12,0.028690515768730048,31067385659.04889,0,200,211,0,119.26
767,31,17,train,6.786165703811567e-12,6.610838149161051e-12,0.025836026160109927,31067385659.04889,0,200,221,0,122.76
768,31,18,train,6.610838149161051e-12,6.458035004399785e-12,0.02311403506084282,31067385659.04889,0,200,219,0,121.23
769,31,19,train,6.458035004399785e-12,6.280835759782573e-12,0.027438569858554203,31067385659.04889,0,200,214,0,118.99
770,31,20,train,6.280835759782573e-12,6.144169311306511e-12,0.02175927753933075,31067385659.04889,0,200,215,0,120.28
771,31,21,train,6.144169311306511e-12,6.020865241406732e-12,0.020068468763202032,31067385659.04889,0,200,214,0,118.71
772,31,22,train,6.020865241406732e-12,5.890493466933674e-12,0.021653328756881036,31067385659.04889,0,200,227,0,126.08
773,31,23,train,5.890493466933674e-12,5.775826342976551e-12,0.01946647162938171,31067385659.04889,0,200,217,0,120.73
774,31,24,train,5.775826342976551e-12,5.656689140477516e-12,0.020626867122469323,31067385659.04889,0,200,218,0,121.05
775,32,0,train,4.975095345162207e-11,2.215647653805818e-11,0.5546522227035673,20100117296.694668,1,200,214,0,118.09
776,32,1,train,2.215647653805818e-11,1.741007818819952e-11,0.21422171263132794,20100117296.694668,0,200,216,0,120.74
777,32,2,train,1.741007818819952e-11,1.4367575421246909e-11,0.17475526152517842,20100117296.694668,0,200,217,0,120.59
778,32,3,train,1.4367575421246909e-11,1.2543796701036661e-11,0.12693712520995196,20100117296.694668,0,200,222,0,121.43
779,32,4,train,1.2543796701036661e-11,1.1278174524169452e-11,0.10089626028159515,20100117296.694668,0,200,221,0,121.7
780,32,5,train,1.1278174524169452e-11,1.0282603397902439e-11,0.08827413728467096,20100117296.694668,0,200,214,0,117.29
781,32,6,train,1.0282603397902439e-11,9.58388580185448e-12,0.06795142912839472,20100117296.694668,0,200,211,0,116.52
782,32,7,train,9.58388580185448e-12,9.008044462360189e-12,0.06008432815245638,20100117296.694668,0,200,217,0,119.93
783,32,8,train,9.008044462360189e-12,8.520747967394412e-12,0.054095702680190906,20100117296.694668,0,200,224,0,122.8
784,32,9,train,8.520747967394412e-12,8.117542197390358e-12,0.04732046664764234,20100117296.694668,0,200,218,0,120.77
785,32,10,train,8.117542197390358e-12,7.741005802366117e-12,0.04638551742241516,20100117296.694668,0,200,212,0,116.77
786,32,11,train,7.741005802366117e-12,7.447729884495292e-12,0.03788602222480998,20100117296.694668,0,200,219,0,120.33
787,32,12,train,7.447729884495292e-12,7.1843991414286554e-12,0.03535718227574808,20100117296.694668,0,200,217,0,118.99
788,32,13,train,7.1843991414286554e-12,6.950735370804428e-12,0.03252377352989912,20100117296.694668,0,200,219,0,120.75
789,32,14,train,6.950735370804428e-12,6.7415105855635645e-12,0.030101100686365144,20100117296.694668,0,200,217,0,119.39
790,32,15,train,6.7415105855635645e-12,6.560309909488961e-12,0.026878349262349444,20100117296.694668,0,200,212,0,116.11
791,32,16,train,6.560309909488961e-12,6.388180206250243e-12,0.026238044484719645,20100117296.694668,0,200,218,0,119.36
792,32,17,train,6.388180206250243e-12,6.2269566349947684e-12,0.025237793244738436,20100117296.694668,0,200,215,0,118.29
793,32,18,train,6.2269566349947684e-12,6.0826769581285116e-12,0.023170175307697174,20100117296.694668,0,200,221,0,122.51
794,32,19,train,6.0826769581285116e-12,5.938462153821626e-12,0.023709101321608996,20100117296.694668,0,200,219,0,121.04
795,32,20,train,5.938462153821626e-12,5.792672530938786e-12,0.02455006348554719,20100117296.694668,0,200,219,0,120.95
796,32,21,train,5.792672530938786e-12,5.65756091088054e-12,0.0233245741644487,20100117296.694668,0,200,217,0,118.79
797,32,22,train,5.65756091088054e-12,5.526146482624735e-12,0.023228106656893545,20100117296.694668,0,200,219,0,119.91
798,32,23,train,5.526146482624735e-12,5.406421855391623e-12,0.021665120099430783,20100117296.694668,0,200,223,0,122.08
799,32,24,train,5.406421855391623e-12,5.3039426622757715e-12,0.01895508635043945,20100117296.694668,0,200,218,0,120.02
800,33,0,train,3.7306240953657283e-11,1.5605905737775465e-11,0.5816810984209988,26805166493.24772,1,200,216,0,117.78
801,33,1,train,1.5605905737775465e-11,1.2733267811429084e-11,0.18407377146927836,26805166493.24772,0,200,209,0,114.82
802,33,2,train,1.2733267811429084e-11,1.159058481743947e-11,0.0897399639206495,26805166493.24772,0,200,215,0,117.8
803,33,3,train,1.159058481743947e-11,1.0646003508569092e-11,0.08149556935635713,26805166493.24772,0,200,214,0,117.04
804,33,4,train,1.0646003508569092e-11,9.69493774666852e-12,0.08933547327267438,26805166493.24772,0,200,211,0,116.91
805,33,5,train,9.69493774666852e-12,9.075924275275787e-12,0.06384914349815661,26805166493.24772,0,200,214,0,117.57
806,33,6,train,9.075924275275787e-12,8.55139100046843e-12,0.05779392367081177,26805166493.24772,0,200,218,0,119.97
807,33,7,train,8.55139100046843e-12,8.068710011030993e-12,0.0564447338931172,26805166493.24772,0,200,217,0,119.82
808,33,8,train,8.068710011030993e-12,7.646566077589764e-12,0.05231863988966049,26805166493.24772,0,200,218,0,118.31
809,33,9,train,7.646566077589764e-12,7.2489460636233746e-12,0.05199981402524162,26805166493.24772,0,200,219,0,120.42
810,33,10,train,7.2489460636233746e-12,6.9287993925379615e-12,0.04416458175788775,26805166493.24772,0,200,223,0,122.95
811,33,11,train,6.9287993925379615e-12,6.654120548590128e-12,0.03964306489283723,26805166493.24772,0,200,215,0,118.42
812,33,12,train,6.654120548590128e-12,6.41725189070896e-12,0.03559728985242915,26805166493.24772,0,200,222,0,122.38
813,33,13,train,6.41725189070896e-12,6.200786366268164e-12,0.03373181045833654,26805166493.24772,0,200,219,0,120.19
814,33,14,train,6.200786366268164e-12,6.040551635096947e-12,0.02584103397641337,26805166493.24772,0,200,215,0,118.86
815,33,15,train,6.040551635096947e-12,5.867398289736655e-12,0.02866515441308914,26805166493.24772,0,200,216,0,117.96
816,33,16,train,5.867398289736655e-12,5.688919698493556e-12,0.030418693674724127,26805166493.24772,0,200,214,0,118.31
817,33,17,train,5.688919698493556e-12,5.5398660758086915e-12,0.02620069021616425,26805166493.24772,0,200,220,0,121.72
818,33,18,train,5.5398660758086915e-12,5.390673943583013e-12,0.026930638788754447,26805166493.24772,0,200,217,0,120.18
819,33,19,train,5.390673943583013e-12,5.246224792065345e-12,0.026796121047094407,26805166493.24772,0,200,221,0,122.28
820,33,20,train,5.246224792065345e-12,5.117569172187349e-12,0.024523466869467925,26805166493.24772,0,200,214,0,118.12
821,33,21,train,5.117569172187349e-12,4.996561925867957e-12,0.023645453973936473,26805166493.24772,0,200,211,0,116.25
822,33,22,train,4.996561925867957e-12,4.870120567908691e-12,0.025305672147213926,26805166493.24772,0,200,216,0,118.4
823,33,23,train,4.870120567908691e-12,4.7441432812207765e-12,0.025867385608075572,26805166493.24772,0,200,219,0,120.62
824,33,24,train,4.7441432812207765e-12,4.634707874474066e-12,0.023067475044419396,26805166493.24772,0,200,214,0,117.68
825,34,0,train,3.031538479600452e-11,1.7915958087608422e-11,0.4090143269443279,32986551440.105656,1,200,222,0,120.87
826,34,1,train,1.7915958087608422e-11,1.352576782752908e-11,0.2450435661108081,32986551440.105656,0,200,217,0,118.82
827,34,2,train,1.352576782752908e-11,1.1464003082316469e-11,0.1524323625470111,32986551440.105656,0,200,209,0,115.16
828,34,3,train,1.1464003082316469e-11,1.012561888876062e-11,0.11674667076985897,32986551440.105656,0,200,215,0,118.49
829,34,4,train,1.012561888876062e-11,9.029867108334216e-12,0.10821578339697166,32986551440.105656,0,200,219,0,119.67
830,34,5,train,9.029867108334216e-12,8.190269335813025e-12,0.09298008070863792,32986551440.105656,0,200,219,0,120.92
831,34,6,train,8.190269335813025e-12,7.572957431852106e-12,0.07537138018912794,32986551440.105656,0,200,218,0,119.88
832,34,7,train,7.572957431852106e-12,6.9468578622971195e-12,0.08267570169107129,32986551440.105656,0,200,218,0,120.16
833,34,8,train,6.9468578622971195e-12,6.510078556514503e-12,0.06287436916669348,32986551440.105656,0,200,213,0,117.19
834,34,9,train,6.510078556514503e-12,6.159139943318849e-12,0.053906970576334604,32986551440.105656,0,200,218,0,121.23
835,34,10,train,6.159139943318849e-12,5.838895349777832e-12,0.0519950182149057,32986551440.105656,0,200,217,0,119.27
836,34,11,train,5.838895349777832e-12,5.597237031641177e-12,0.04138767757600765,32986551440.105656,0,200,216,0,119.22
837,34,12,train,5.597237031641177e-12,5.342117384947582e-12,0.04557956814253239,32986551440.105656,0,200,213,0,117.1
838,34,13,train,5.342117384947582e-12,5.14205236821476e-12,0.03745050928617607,32986551440.105656,0,200,216,0,118.67
839,34,14,train,5.14205236821476e-12,4.979861994072438e-12,0.03154195300399717,32986551440.105656,0,200,214,0,118.37
840,34,15,train,4.979861994072438e-12,4.8144336287495655e-12,0.033219467832599166,32986551440.105656,0,200,217,0,119.76
841,34,16,train,4.8144336287495655e-12,4.659779262047511e-12,0.03212306547929758,32986551440.105656,0,200,217,0,120.41
842,34,17,train,4.659779262047511e-12,4.5042877761308366e-12,0.03336885229373532,32986551440.105656,0,200,218,0,120.48
843,34,18,train,4.5042877761308366e-12,4.370032573501552e-12,0.029806089064897408,32986551440.105656,0,200,217,0,119.21
844,34,19,train,4.370032573501552e-12,4.2541637042999185e-12,0.026514417742381283,32986551440.105656,0,200,216,0,118.56
845,34,20,train,4.2541637042999185e-12,4.154933731358401e-12,0.02332537716901208,32986551440.105656,0,200,214,0,117.8
846,34,21,train,4.154933731358401e-12,4.050066173207717e-12,0.025239285372765548,32986551440.105656,0,200,217,0,119.14
847,34,22,train,4.050066173207717e-12,3.9636435122159195e-12,0.02133857998753375,32986551440.105656,0,200,215,0,118.01
848,34,23,train,3.9636435122159195e-12,3.886949664562497e-12,0.019349330336356635,32986551440.105656,0,200,210,0,115.47
849,34,24,train,3.886949664562497e-12,3.817298911977157e-12,0.01791912903332634,32986551440.105656,0,200,216,0,118.38
850,35,0,train,2.2367300552599515e-11,1.2009837247812211e-11,0.4630627321535931,44708121914.32642,1,200,214,0,116.68
851,35,1,train,1.2009837247812211e-11,9.846200589681249e-12,0.18015536876031388,44708121914.32642,0,200,214,0,117.86
852,35,2,train,9.846200589681249e-12,8.915644681374243e-12,0.09450913576575136,44708121914.32642,0,200,214,0,118.37
853,35,3,train,8.915644681374243e-12,8.122742724216745e-12,0.08893377714053106,44708121914.32642,0,200,219,0,120.96
854,35,4,train,8.122742724216745e-12,7.509608350822088e-12,0.07548366287247875,44708121914.32642,0,200,214,0,118.36
855,35,5,train,7.509608350822088e-12,7.036235061220331e-12,0.06303568275300753,44708121914.32642,0,200,216,0,118.62
856,35,6,train,7.036235061220331e-12,6.7023087140073166e-12,0.04745810000769078,44708121914.32642,0,200,215,0,118.17
857,35,7,train,6.7023087140073166e-12,6.34965110394619e-12,0.052617333087641674,44708121914.32642,0,200,213,0,117.02
858,35,8,train,6.34965110394619e-12,6.048678248154419e-12,0.04739990447738489,44708121914.32642,0,200,214,0,118.08
859,35,9,train,6.048678248154419e-12,5.7886682821134685e-12,0.04298624515534206,44708121914.32642,0,200,219,0,119.98
860,35,10,train,5.7886682821134685e-12,5.590907711519863e-12,0.034163396649393434,44708121914.32642,0,200,211,0,118.26
861,35,11,train,5.590907711519863e-12,5.374022118856112e-12,0.03879255460018883,44708121914.32642,0,200,217,0,118.76
862,35,12,train,5.374022118856112e-12,5.174469577720335e-12,0.03713280978796056,44708121914.32642,0,200,222,0,122.62
863,35,13,train,5.174469577720335e-12,5.00657496964907e-12,0.032446728220061005,44708121914.32642,0,200,217,0,119.68
864,35,14,train,5.00657496964907e-12,4.861227296590083e-12,0.029031358551527893,44708121914.32642,0,200,217,0,121.31
865,35,15,train,4.861227296590083e-12,4.72559298998314e-12,0.02790124763392234,44708121914.32642,0,200,216,0,119.14
866,35,16,train,4.72559298998314e-12,4.6111551691941844e-12,0.02421660541471302,44708121914.32642,0,200,213,0,116.59
867,35,17,train,4.6111551691941844e-12,4.49917941786649e-12,0.024283665853574513,44708121914.32642,0,200,213,0,117.55
868,35,18,train,4.49917941786649e-12,4.384238467366235e-12,0.025547091997224748,44708121914.32642,0,200,215,0,118.4
869,35,19,train,4.384238467366235e-12,4.281201175644473e-12,0.02350175349464052,44708121914.32642,0,200,214,0,118.47
870,35,20,train,4.281201175644473e-12,4.185197971598709e-12,0.022424361787042567,44708121914.32642,0,200,211,0,115.67
871,35,21,train,4.185197971598709e-12,4.0975843253400694e-12,0.020934170104543987,44708121914.32642,0,200,217,0,119.78
872,35,22,train,4.0975843253400694e-12,4.005225361749938e-12,0.022539856719718896,44708121914.32642,0,200,215,0,119.2
873,35,23,train,4.005225361749938e-12,3.931374323551059e-12,0.018438672366394123,44708121914.32642,0,200,218,0,120.54
874,35,24,train,3.931374323551059e-12,3.858534585101685e-12,0.01852780540713833,44708121914.32642,0,200,216,0,119.02
875,36,0,train,3.448101389530195e-11,1.8100300649196014e-11,0.4750647210039788,29001467388.29656,1,200,216,0,117.83
876,36,1,train,1.8100300649196014e-11,1.4619639777900128e-11,0.19229851143110666,29001467388.29656,0,200,214,0,118.76
877,36,2,train,1.4619639777900128e-11,1.2927672391580064e-11,0.1157324949194533,29001467388.29656,0,200,207,0,114.56
878,36,3,train,1.2927672391580064e-11,1.1739055664086891e-11,0.09194359908650931,29001467388.29656,0,200,217,0,119.86
879,36,4,train,1.1739055664086891e-11,1.0768469142000786e-11,0.08268011924122701,29001467388.29656,0,200,218,0,120.03
880,36,5,train,1.0768469142000786e-11,1.0087678757029092e-11,0.06322072116233997,29001467388.29656,0,200,215,0,118.79
881,36,6,train,1.0087678757029092e-11,9.545197828610207e-12,0.0537765864164622,29001467388.29656,0,200,215,0,117.81
882,36,7,train,9.545197828610207e-12,9.046523642315586e-12,0.05224346265510858,29001467388.29656,0,200,214,0,118.17
883,36,8,train,9.046523642315586e-12,8.645148081850366e-12,0.044367933621238205,29001467388.29656,0,200,212,0,117.33
884,36,9,train,8.645148081850366e-12,8.308973070957608e-12,0.03888597485085585,29001467388.29656,0,200,209,0,115.71
885,36,10,train,8.308973070957608e-12,7.981222581688242e-12,0.03944536665005621,29001467388.29656,0,200,220,0,120.42
886,36,11,train,7.981222581688242e-12,7.708523243706122e-12,0.034167614696999984,29001467388.29656,0,200,216,0,118.88
887,36,12,train,7.708523243706122e-12,7.47476097543948e-12,0.030325168761410247,29001467388.29656,0,200,214,0,118.76
888,36,13,train,7.47476097543948e-12,7.263307955199832e-12,0.028288934045441666,29001467388.29656,0,200,216,0,118.2
889,36,14,train,7.263307955199832e-12,7.025371174683069e-12,0.032758734998482704,29001467388.29656,0,200,215,0,118.59
890,36,15,train,7.025371174683069e-12,6.8513212896046874e-12,0.02477447536232613,29001467388.29656,0,200,224,0,122.12
891,36,16,train,6.8513212896046874e-12,6.688432240098191e-12,0.02377483738116952,29001467388.29656,0,200,214,0,117.05
892,36,17,train,6.688432240098191e-12,6.554652064434532e-12,0.020001724000674893,29001467388.29656,0,200,216,0,119.4
893,36,18,train,6.554652064434532e-12,6.421887302684543e-12,0.02025504335620935,29001467388.29656,0,200,215,0,116.78
894,36,19,train,6.421887302684543e-12,6.303099527074425e-12,0.018497331082166574,29001467388.29656,0,200,215,0,117.92
895,36,20,train,6.303099527074425e-12,6.193270544178353e-12,0.017424599187163586,29001467388.29656,0,200,212,0,115.72
896,36,21,train,6.193270544178353e-12,6.072798276261051e-12,0.01945212421416753,29001467388.29656,0,200,214,0,116.94
897,36,22,train,6.072798276261051e-12,5.948738190153371e-12,0.02042881723778618,29001467388.29656,0,200,221,0,120.05
898,36,23,train,5.948738190153371e-12,5.833299621352313e-12,0.019405555449076153,29001467388.29656,0,200,221,0,120.62
899,36,24,train,5.833299621352313e-12,5.722459644695266e-12,0.019001248667448192,29001467388.29656,0,200,218,0,119.23
900,37,0,train,3.3700621585877003e-11,1.4403024734858129e-11,0.5726184249107726,29673043194.522926,1,200,217,0,118.08
901,37,1,train,1.4403024734858129e-11,1.1582312397460585e-11,0.1958416644644697,29673043194.522926,0,200,212,0,116.2
902,37,2,train,1.1582312397460585e-11,1.0409226978172103e-11,0.10128248824869204,29673043194.522926,0,200,219,0,120.11
903,37,3,train,1.0409226978172103e-11,9.407090220534693e-12,0.09627388851630071,29673043194.522926,0,200,217,0,119.1
904,37,4,train,9.407090220534693e-12,8.60158832819576e-12,0.08562710396681494,29673043194.522926,0,200,215,0,118.55
905,37,5,train,8.60158832819576e-12,8.020615578075857e-12,0.06754249656606919,29673043194.522926,0,200,213,0,116.5
906,37,6,train,8.020615578075857e-12,7.465095589305707e-12,0.0692615153241666,29673043194.522926,0,200,216,0,118.29
907,37,7,train,7.465095589305707e-12,7.060392436475635e-12,0.05421272212640372,29673043194.522926,0,200,213,0,116.11
908,37,8,train,7.060392436475635e-12,6.698285767660413e-12,0.05128704559600602,29673043194.522926,0,200,209,0,114.07
909,37,9,train,6.698285767660413e-12,6.397884835459338e-12,0.04484743449606495,29673043194.522926,0,200,219,0,119.46
910,37,10,train,6.397884835459338e-12,6.170912921645967e-12,0.035476086183266836,29673043194.522926,0,200,215,0,117.79
911,37,11,train,6.170912921645967e-12,5.984833687036646e-12,0.03015424734914066,29673043194.522926,0,200,217,0,118.71
912,37,12,train,5.984833687036646e-12,5.799427959737755e-12,0.03097926141214023,29673043194.522926,0,200,217,0,118.87
913,37,13,train,5.799427959737755e-12,5.644591787200513e-12,0.026698525029051887,29673043194.522926,0,200,213,0,116.65
914,37,14,train,5.644591787200513e-12,5.491614980610897e-12,0.027101482685869486,29673043194.522926,0,200,213,0,116.41
915,37,15,train,5.491614980610897e-12,5.350269381068346e-12,0.02573843942840073,29673043194.522926,0,200,221,0,121.12
916,37,16,train,5.350269381068346e-12,5.2095951510089e-12,0.026292924718372947,29673043194.522926,0,200,218,0,119.35
917,37,17,train,5.2095951510089e-12,5.093011153771034e-12,0.022378705803134766,29673043194.522926,0,200,212,0,115.73
918,37,18,train,5.093011153771034e-12,4.9817494511845674e-12,0.02184595698442265,29673043194.522926,0,200,219,0,119.72
919,37,19,train,4.9817494511845674e-12,4.883574593683615e-12,0.019706903862378816,29673043194.522926,0,200,212,0,115.95
920,37,20,train,4.883574593683615e-12,4.776895718663395e-12,0.021844424196611544,29673043194.522926,0,200,213,0,116.07
921,37,21,train,4.776895718663395e-12,4.685189518501619e-12,0.019197865216835006,29673043194.522926,0,200,220,0,120.05
922,37,22,train,4.685189518501619e-12,4.603097816505554e-12,0.01752153283701501,29673043194.522926,0,200,211,0,116.14
923,37,23,train,4.603097816505554e-12,4.527144695959369e-12,0.016500435918141165,29673043194.522926,0,200,214,0,116.85
924,37,24,train,4.527144695959369e-12,4.4424809295171045e-12,0.018701360819730294,29673043194.522926,0,200,223,0,122.26
925,38,0,train,3.687119094749471e-11,1.4959203050109278e-11,0.5942847880500667,27121445613.84034,1,200,213,0,116.22
926,38,1,train,1.4959203050109278e-11,1.2379959486790886e-11,0.17241851418679355,27121445613.84034,0,200,208,0,112.92
927,38,2,train,1.2379959486790886e-11,1.0832080385964661e-11,0.12503103119826636,27121445613.84034,0,200,210,0,114.68
928,38,3,train,1.0832080385964661e-11,9.908111809464759e-12,0.0852992724922081,27121445613.84034,0,200,214,0,116.42
929,38,4,train,9.908111809464759e-12,9.178220468819893e-12,0.07366603795766964,27121445613.84034,0,200,212,0,116.41
930,38,5,train,9.178220468819893e-12,8.527961238403704e-12,0.07084807263295094,27121445613.84034,0,200,215,0,117.5
931,38,6,train,8.527961238403704e-12,8.052515033335964e-12,0.055751450056630014,27121445613.84034,0,200,215,0,117.5
932,38,7,train,8.052515033335964e-12,7.675682731584927e-12,0.046796845481320834,27121445613.84034,0,200,219,0,119.8
933,38,8,train,7.675682731584927e-12,7.316019277215691e-12,0.04685751964307292,27121445613.84034,0,200,214,0,117.02
934,38,9,train,7.316019277215691e-12,6.98983672935956e-12,0.044584703169380985,27121445613.84034,0,200,210,0,115.59
935,38,10,train,6.98983672935956e-12,6.716948233420101e-12,0.03904075395541648,27121445613.84034,0,200,213,0,115.45
936,38,11,train,6.716948233420101e-12,6.471208579016947e-12,0.036585015376548374,27121445613.84034,0,200,212,0,114.97
937,38,12,train,6.471208579016947e-12,6.247989667291561e-12,0.0344941611755768,27121445613.84034,0,200,213,0,115.45
938,38,13,train,6.247989667291561e-12,6.036283477680184e-12,0.033883889200340064,27121445613.84034,0,200,222,0,119.65
939,38,14,train,6.036283477680184e-12,5.854819291827854e-12,0.03006223722317112,27121445613.84034,0,200,221,0,119.76
940,38,15,train,5.854819291827854e-12,5.67684586631316e-12,0.030397765779570513,27121445613.84034,0,200,220,0,119.95
941,38,16,train,5.67684586631316e-12,5.523242912730713e-12,0.02705779885515984,27121445613.84034,0,200,220,0,119.2
942,38,17,train,5.523242912730713e-12,5.379790329947505e-12,0.025972528286336886,27121445613.84034,0,200,216,0,116.69
943,38,18,train,5.379790329947505e-12,5.254860223222218e-12,0.023222114443725097,27121445613.84034,0,200,219,0,119.41
944,38,19,train,5.254860223222218e-12,5.139317184455091e-12,0.02198784246563229,27121445613.84034,0,200,218,0,117.33
945,38,20,train,5.139317184455091e-12,5.0195167721217925e-12,0.023310569874079565,27121445613.84034,0,200,212,0,114.82
946,38,21,train,5.0195167721217925e-12,4.9213522841162835e-12,0.01955656141059451,27121445613.84034,0,200,218,0,118.3
947,38,22,train,4.9213522841162835e-12,4.826647918258753e-12,0.019243565668564222,27121445613.84034,0,200,218,0,117.82
948,38,23,train,4.826647918258753e-12,4.730002172410532e-12,0.020023367663222255,27121445613.84034,0,200,216,0,117.06
949,38,24,train,4.730002172410532e-12,4.64046898410794e-12,0.018928783759302903,27121445613.84034,0,200,214,0,116.43
950,39,0,train,2.1648328171352456e-11,1.0657484374740955e-11,0.5076994264691461,46192943495.900734,1,200,218,0,117.78
951,39,1,train,1.0657484374740955e-11,8.052681000168857e-12,0.24441071485365526,46192943495.900734,0,200,221,0,119.4
952,39,2,train,8.052681000168857e-12,7.021003389225882e-12,0.12811604121923392,46192943495.900734,0,200,217,0,117.51
953,39,3,train,7.021003389225882e-12,6.404397406776715e-12,0.08782305722788608,46192943495.900734,0,200,215,0,116.06
954,39,4,train,6.404397406776715e-12,5.950673118918023e-12,0.07084574223620013,46192943495.900734,0,200,215,0,116.42
955,39,5,train,5.950673118918023e-12,5.548155044566164e-12,0.06764244419210286,46192943495.900734,0,200,215,0,116.81
956,39,6,train,5.548155044566164e-12,5.287798456710322e-12,0.046926696490004235,46192943495.900734,0,200,215,0,116.56
957,39,7,train,5.287798456710322e-12,5.067900226616107e-12,0.04158597039854264,46192943495.900734,0,200,215,0,115.76
958,39,8,train,5.067900226616107e-12,4.8540511050293516e-12,0.042196789996701414,46192943495.900734,0,200,216,0,117.04
959,39,9,train,4.8540511050293516e-12,4.681090205982612e-12,0.0356322781331107,46192943495.900734,0,200,214,0,115.73
960,39,10,train,4.681090205982612e-12,4.535175656486398e-12,0.031171061243325294,46192943495.900734,0,200,218,0,118.31
961,39,11,train,4.535175656486398e-12,4.406232673174407e-12,0.028431750626366836,46192943495.900734,0,200,215,0,116.75
962,39,12,train,4.406232673174407e-12,4.306234338136719e-12,0.022694746840421925,46192943495.900734,0,200,218,0,118.44
963,39,13,train,4.306234338136719e-12,4.213495475812142e-12,0.021535953467108408,46192943495.900734,0,200,214,0,116.22
964,39,14,train,4.213495475812142e-12,4.130450064387479e-12,0.019709386636675166,46192943495.900734,0,200,212,0,115.21
965,39,15,train,4.130450064387479e-12,4.055662090874034e-12,0.01810649501812475,46192943495.900734,0,200,211,0,114.55
966,39,16,train,4.055662090874034e-12,3.988096738581315e-12,0.01665951225195833,46192943495.900734,0,200,211,0,114.5
967,39,17,train,3.988096738581315e-12,3.916953171956029e-12,0.017838977158461358,46192943495.900734,0,200,216,0,117.69
968,39,18,train,3.916953171956029e-12,3.851967989621434e-12,0.01659074782917124,46192943495.900734,0,200,215,0,116.34
969,39,19,train,3.851967989621434e-12,3.80170549498757e-12,0.013048523448089162,46192943495.900734,0,200,214,0,115.94
970,39,20,train,3.80170549498757e-12,3.755001109094784e-12,0.01228511412953061,46192943495.900734,0,200,216,0,117.69
971,39,21,train,3.755001109094784e-12,3.703906339610315e-12,0.01360712500476102,46192943495.900734,0,200,214,0,115.99
972,39,22,train,3.703906339610315e-12,3.652783095568584e-12,0.013802520731965699,46192943495.900734,0,200,214,0,116.33
973,39,23,train,3.652783095568584e-12,3.6054642554226535e-12,0.012954188329259417,46192943495.900734,0,200,228,0,123.46
974,39,24,train,3.6054642554226535e-12,3.56246394447977e-12,0.011926428303431604,46192943495.900734,0,200,218,0,118.02
975,40,0,train,2.8712340261592463e-11,1.5431859968804327e-11,0.46253562655611846,34828230331.94778,1,200,215,0,115.55
976,40,1,train,1.5431859968804327e-11,1.2418071598672867e-11,0.1952965084068846,34828230331.94778,0,200,213,0,115.46
977,40,2,train,1.2418071598672867e-11,1.1007776275622312e-11,0.11356798129600693,34828230331.94778,0,200,211,0,113.87
978,40,3,train,1.1007776275622312e-11,1.0091444177770961e-11,0.08324406991089096,34828230331.94778,0,200,216,0,117.23
979,40,4,train,1.0091444177770961e-11,9.32184030807775e-12,0.07626300617987504,34828230331.94778,0,200,221,0,119.57
980,40,5,train,9.32184030807775e-12,8.664837551698744e-12,0.07047994115600616,34828230331.94778,0,200,217,0,117.74
981,40,6,train,8.664837551698744e-12,8.123768772833653e-12,0.06244419190051805,34828230331.94778,0,200,215,0,117.23
982,40,7,train,8.123768772833653e-12,7.638789043838801e-12,0.0596988593048896,34828230331.94778,0,200,214,0,116.0
983,40,8,train,7.638789043838801e-12,7.208324544788228e-12,0.056352452801111425,34828230331.94778,0,200,217,0,117.46
984,40,9,train,7.208324544788228e-12,6.858181995668185e-12,0.04857474811857678,34828230331.94778,0,200,220,0,118.77
985,40,10,train,6.858181995668185e-12,6.5154660763225185e-12,0.0499718321214187,34828230331.94778,0,200,216,0,117.26
986,40,11,train,6.5154660763225185e-12,6.21840781138825e-12,0.04559278821415259,34828230331.94778,0,200,216,0,117.39
987,40,12,train,6.21840781138825e-12,6.0034167297757345e-12,0.03457333261719919,34828230331.94778,0,200,220,0,118.06
988,40,13,train,6.0034167297757345e-12,5.797679510974056e-12,0.03427002123328598,34828230331.94778,0,200,214,0,115.71
989,40,14,train,5.797679510974056e-12,5.593558143349959e-12,0.03520742518411523,34828230331.94778,0,200,215,0,116.46
990,40,15,train,5.593558143349959e-12,5.4282726796832985e-12,0.029549252806670874,34828230331.94778,0,200,218,0,117.9
991,40,16,train,5.4282726796832985e-12,5.289131941578096e-12,0.02563259922921194,34828230331.94778,0,200,218,0,117.18
992,40,17,train,5.289131941578096e-12,5.169105715385488e-12,0.022692991499999565,34828230331.94778,0,200,215,0,116.34
993,40,18,train,5.169105715385488e-12,5.0567362570513015e-12,0.021738665162085336,34828230331.94778,0,200,211,0,114.22
994,40,19,train,5.0567362570513015e-12,4.9397918968138366e-12,0.023126450400570795,34828230331.94778,0,200,218,0,118.03
995,40,20,train,4.9397918968138366e-12,4.836175881608348e-12,0.020975785492567164,34828230331.94778,0,200,212,0,115.77
996,40,21,train,4.836175881608348e-12,4.726639421124787e-12,0.022649395548272094,34828230331.94778,0,200,219,0,118.41
997,40,22,train,4.726639421124787e-12,4.620003413860726e-12,0.02256063933869643,34828230331.94778,0,200,215,0,116.8
998,40,23,train,4.620003413860726e-12,4.5118186538667144e-12,0.02341659741407126,34828230331.94778,0,200,216,0,117.01
999,40,24,train,4.5118186538667144e-12,4.424375630994111e-12,0.019380881542670828,34828230331.94778,0,200,220,0,118.56
